,produto,classe,retorno,avaliacao_risco,aloc,ret_med,aval
0,produto_0,classe_0,0.1292435423979003,23,0.0,0.0,0.0
1,produto_1,classe_0,0.1358722472704611,12,0.0,0.0,0.0
2,produto_2,classe_0,0.1182267903710976,5,0.0,0.0,0.0
3,produto_3,classe_0,0.1386541072503967,37,0.0,0.0,0.0
4,produto_4,classe_0,0.1177898914380581,4,0.0,0.0,0.0
5,produto_5,classe_0,0.1808010561330339,36,0.0,0.0,0.0
6,produto_6,classe_0,0.1360530253136228,35,0.0,0.0,0.0
7,produto_7,classe_0,0.1123547245654918,34,0.0,0.0,0.0
8,produto_8,classe_0,0.0940344321953337,46,0.0,0.0,0.0
9,produto_9,classe_0,0.1459035536281503,37,0.0,0.0,0.0
10,produto_10,classe_0,0.1767229201000895,34,0.0,0.0,0.0
11,produto_11,classe_0,0.0507125334663377,63,0.0,0.0,0.0
12,produto_12,classe_0,0.0743465477004919,31,0.0,0.0,0.0
13,produto_13,classe_0,0.125330919575861,29,0.0,0.0,0.0
14,produto_14,classe_0,0.0245649742789642,13,0.0,0.0,0.0
15,produto_15,classe_0,0.1608276470266641,13,0.0,0.0,0.0
16,produto_16,classe_0,0.1143527280404528,3,0.0,0.0,0.0
17,produto_17,classe_0,0.1485140139228606,24,0.0,0.0,0.0
18,produto_18,classe_1,0.1809730181811603,33,0.3,0.05429190545434809,9.9
19,produto_19,classe_1,0.1804823190591617,45,0.3,0.05414469571774851,13.5
20,produto_20,classe_1,0.1357285672326266,13,0.3,0.04071857016978798,3.9
21,produto_21,classe_1,0.1390590008206134,15,0.3,0.04171770024618402,4.5
22,produto_22,classe_1,0.1319325534463692,25,0.3,0.03957976603391076,7.5
23,produto_23,classe_1,0.1073263955335621,46,0.3,0.03219791866006863,13.799999999999999
24,produto_24,classe_1,0.143287539004231,27,0.3,0.0429862617012693,8.1
25,produto_25,classe_1,0.1854815300599231,44,0.3,0.055644459017976926,13.2
26,produto_26,classe_1,0.1501997357681584,44,0.3,0.04505992073044752,13.2
27,produto_27,classe_1,0.1588180904159643,40,0.3,0.047645427124789294,12.0
28,produto_28,classe_1,0.0969707094022905,43,0.3,0.02909121282068715,12.9
29,produto_29,classe_1,0.1435051642990884,45,0.3,0.04305154928972652,13.5
30,produto_30,classe_1,0.1849126410822259,46,0.3,0.05547379232466777,13.799999999999999
31,produto_31,classe_1,0.1324949348763792,43,0.3,0.03974848046291376,12.9
32,produto_32,classe_1,0.2814514398310957,35,0.3,0.08443543194932872,10.5
33,produto_33,classe_1,0.1498252797625106,33,0.3,0.04494758392875318,9.9
34,produto_34,classe_1,0.1550355922607897,32,0.3,0.046510677678236904,9.6
35,produto_35,classe_1,-0.0472622442267077,146,0.3,-0.01417867326801231,43.8
36,produto_36,classe_1,0.1125098103020154,22,0.3,0.03375294309060462,6.6
37,produto_37,classe_1,0.1233539206755808,14,0.3,0.03700617620267424,4.2
38,produto_38,classe_1,0.135880244834619,17,0.3,0.0407640734503857,5.1
39,produto_39,classe_1,0.1447044954887837,19,0.3,0.04341134864663511,5.7
40,produto_40,classe_1,0.1293524762418433,8,0.3,0.038805742872552985,2.4
41,produto_41,classe_1,0.1324014853379732,11,0.3,0.03972044560139196,3.3
42,produto_42,classe_1,0.1657069224845608,33,0.3,0.04971207674536823,9.9
43,produto_43,classe_1,0.1889139078777814,43,0.3,0.05667417236333441,12.9
44,produto_44,classe_1,0.1398104031656754,16,0.3,0.041943120949702616,4.8
45,produto_45,classe_1,0.1568614131839665,31,0.3,0.04705842395518995,9.299999999999999
46,produto_46,classe_1,0.1481259041035625,40,0.3,0.04443777123106875,12.0
47,produto_47,classe_1,0.1556233494153888,55,0.3,0.046687004824616636,16.5
48,produto_48,classe_1,0.114492398502283,11,0.3,0.0343477195506849,3.3
49,produto_49,classe_1,0.1021916843031914,43,0.3,0.030657505290957416,12.9
50,produto_50,classe_1,0.1803594458563599,30,0.3,0.05410783375690797,9.0
51,produto_51,classe_10,0.1226245721150289,11,0.0,0.0,0.0
52,produto_52,classe_11,0.1105531254547412,28,0.0,0.0,0.0
53,produto_53,classe_2,0.1799960012552068,35,0.3,0.05399880037656204,10.5
54,produto_54,classe_2,0.2119232087080068,45,0.3,0.06357696261240203,13.5
55,produto_55,classe_2,0.1562653243688953,15,0.3,0.04687959731066858,4.5
56,produto_56,classe_2,0.1554310927508178,15,0.3,0.046629327825245336,4.5
57,produto_57,classe_2,0.1507669035159467,18,0.3,0.045230071054784014,5.3999999999999995
58,produto_58,classe_2,0.2114678107602739,45,0.3,0.06344034322808217,13.5
59,produto_59,classe_2,0.1304787674165593,21,0.3,0.03914363022496779,6.3
60,produto_60,classe_2,0.0800869813103662,34,0.3,0.024026094393109862,10.2
61,produto_61,classe_2,0.1267842874679971,17,0.3,0.03803528624039913,5.1
62,produto_62,classe_2,0.2123552310781404,45,0.3,0.06370656932344211,13.5
63,produto_63,classe_2,0.152912921881873,17,0.3,0.0458738765645619,5.1
64,produto_64,classe_2,0.2158019806897733,48,0.3,0.06474059420693198,14.399999999999999
65,produto_65,classe_2,0.1486078964364017,45,0.3,0.04458236893092051,13.5
66,produto_66,classe_2,0.1756018662340779,43,0.3,0.05268055987022337,12.9
67,produto_67,classe_2,0.109946182707631,44,0.3,0.0329838548122893,13.2
68,produto_68,classe_2,0.1202655741068988,44,0.3,0.036079672232069634,13.2
69,produto_69,classe_2,0.1152566188949121,43,0.3,0.03457698566847363,12.9
70,produto_70,classe_2,0.1373691288120682,44,0.3,0.04121073864362046,13.2
71,produto_71,classe_2,0.2093916593423621,44,0.3,0.06281749780270862,13.2
72,produto_72,classe_2,-0.0013131655491483,31,0.3,-0.00039394966474448997,9.299999999999999
73,produto_73,classe_2,-0.0697126972151134,44,0.3,-0.02091380916453402,13.2
74,produto_74,classe_2,0.1272450578061395,44,0.3,0.03817351734184185,13.2
75,produto_75,classe_2,0.1297087635529973,9,0.3,0.038912629065899186,2.6999999999999997
76,produto_76,classe_2,0.1502935458795291,44,0.3,0.045088063763858724,13.2
77,produto_77,classe_2,0.1155039887650675,3,0.3,0.03465119662952025,0.8999999999999999
78,produto_78,classe_2,0.1271635951864758,40,0.3,0.03814907855594274,12.0
79,produto_79,classe_2,0.1396440078906969,66,0.3,0.041893202367209066,19.8
80,produto_80,classe_2,0.1350342443261354,35,0.3,0.04051027329784062,10.5
81,produto_81,classe_2,0.0836482869659884,18,0.3,0.02509448608979652,5.3999999999999995
82,produto_82,classe_2,0.1207816982942111,9,0.3,0.03623450948826333,2.6999999999999997
83,produto_83,classe_2,0.0512079554835843,36,0.3,0.015362386645075289,10.799999999999999
84,produto_84,classe_2,0.123321868469876,10,0.3,0.0369965605409628,3.0
85,produto_85,classe_2,0.1683107566682892,26,0.3,0.05049322700048676,7.8
86,produto_86,classe_2,0.1490072227191583,44,0.3,0.04470216681574749,13.2
87,produto_87,classe_2,0.1805366652766184,48,0.3,0.05416099958298552,14.399999999999999
88,produto_88,classe_2,0.0259531371226084,46,0.3,0.0077859411367825196,13.799999999999999
89,produto_89,classe_2,0.0408398691758185,67,0.3,0.01225196075274555,20.099999999999998
90,produto_90,classe_2,-0.0174922911456457,98,0.3,-0.00524768734369371,29.4
91,produto_91,classe_2,0.0037583745429062,44,0.3,0.00112751236287186,13.2
92,produto_92,classe_2,0.1828496928709852,46,0.3,0.054854907861295564,13.799999999999999
93,produto_93,classe_3,0.0767649703185726,19,0.4,0.030705988127429043,7.6000000000000005
94,produto_94,classe_3,0.0769909860049525,22,0.4,0.030796394401981,8.8
95,produto_95,classe_3,0.0486362987278155,26,0.4,0.0194545194911262,10.4
96,produto_96,classe_3,0.133631770184416,7,0.4,0.0534527080737664,2.8000000000000003
97,produto_97,classe_3,0.1654635694754616,31,0.4,0.06618542779018464,12.4
98,produto_98,classe_3,0.1299972772843098,18,0.4,0.05199891091372392,7.2
99,produto_99,classe_3,0.1263837722639916,44,0.4,0.05055350890559665,17.6
100,produto_100,classe_3,0.1167861235246019,57,0.4,0.046714449409840764,22.8
101,produto_101,classe_3,0.048624227241055,26,0.4,0.019449690896422,10.4
102,produto_102,classe_3,0.1315762693535496,40,0.4,0.05263050774141984,16.0
103,produto_103,classe_3,0.0878793187543768,32,0.4,0.03515172750175072,12.8
104,produto_104,classe_3,0.152497915134112,38,0.4,0.060999166053644804,15.200000000000001
105,produto_105,classe_3,0.1522442756196468,34,0.4,0.06089771024785872,13.600000000000001
106,produto_106,classe_3,0.0763310682980802,43,0.4,0.030532427319232083,17.2
107,produto_107,classe_3,0.2334470758966133,48,0.4,0.09337883035864532,19.200000000000003
108,produto_108,classe_4,0.1271257437925515,20,0.0,0.0,0.0
109,produto_109,classe_4,0.1473223273054024,16,0.0,0.0,0.0
110,produto_110,classe_4,0.1197233358972835,34,0.0,0.0,0.0
111,produto_111,classe_4,0.1505849444722362,17,0.0,0.0,0.0
112,produto_112,classe_4,0.176628029171291,39,0.0,0.0,0.0
113,produto_113,classe_4,0.1499734462387295,45,0.0,0.0,0.0
114,produto_114,classe_4,0.1686526716610112,35,0.0,0.0,0.0
115,produto_115,classe_4,0.1541297019941609,19,0.0,0.0,0.0
116,produto_116,classe_4,0.1493758583539903,42,0.0,0.0,0.0
117,produto_117,classe_4,0.1496739861509236,45,0.0,0.0,0.0
118,produto_118,classe_4,0.1200157663599184,46,0.0,0.0,0.0
119,produto_119,classe_4,0.1175358924313028,46,0.0,0.0,0.0
120,produto_120,classe_4,0.1635155395077449,44,0.0,0.0,0.0
121,produto_121,classe_4,0.1245150588785462,26,0.0,0.0,0.0
122,produto_122,classe_4,0.0119135102313534,31,0.0,0.0,0.0
123,produto_123,classe_4,0.2385217260591825,31,0.0,0.0,0.0
124,produto_124,classe_4,0.1293233362538555,40,0.0,0.0,0.0
125,produto_125,classe_4,0.188152826235178,56,0.0,0.0,0.0
126,produto_126,classe_4,0.1208307370398757,44,0.0,0.0,0.0
127,produto_127,classe_4,0.0959904335309701,43,0.0,0.0,0.0
128,produto_128,classe_4,0.2334834935032714,44,0.0,0.0,0.0
129,produto_129,classe_4,0.1546187127594784,32,0.0,0.0,0.0
130,produto_130,classe_4,0.1974531400523361,44,0.0,0.0,0.0
131,produto_131,classe_4,0.1609348791681679,46,0.0,0.0,0.0
132,produto_132,classe_4,-0.1415704931718227,39,0.0,-0.0,0.0
133,produto_133,classe_4,-0.0663881781223385,45,0.0,-0.0,0.0
134,produto_134,classe_4,0.1717641508083573,43,0.0,0.0,0.0
135,produto_135,classe_4,0.149151354751306,44,0.0,0.0,0.0
136,produto_136,classe_4,0.080909112022959,67,0.0,0.0,0.0
137,produto_137,classe_4,0.1863561001879868,43,0.0,0.0,0.0
138,produto_138,classe_4,0.2082226217734032,54,0.0,0.0,0.0
139,produto_139,classe_4,0.1370491877126632,44,0.0,0.0,0.0
140,produto_140,classe_4,-0.1100754504230605,64,0.0,-0.0,0.0
141,produto_141,classe_4,0.1497080125341041,46,0.0,0.0,0.0
142,produto_142,classe_4,0.0596479469151444,52,0.0,0.0,0.0
143,produto_143,classe_4,-0.0444024729867137,43,0.0,-0.0,0.0
144,produto_144,classe_4,0.125790934753023,73,0.0,0.0,0.0
145,produto_145,classe_4,0.0871465110837973,51,0.0,0.0,0.0
146,produto_146,classe_4,0.1343554777076828,43,0.0,0.0,0.0
147,produto_147,classe_4,0.0678394190443607,43,0.0,0.0,0.0
148,produto_148,classe_4,0.1465502185608958,42,0.0,0.0,0.0
149,produto_149,classe_4,0.1453969439636944,48,0.0,0.0,0.0
150,produto_150,classe_4,0.1111210101573624,43,0.0,0.0,0.0
151,produto_151,classe_4,0.0930537213262727,47,0.0,0.0,0.0
152,produto_152,classe_4,0.186050419966248,40,0.0,0.0,0.0
153,produto_153,classe_4,0.1183387170224906,6,0.0,0.0,0.0
154,produto_154,classe_4,0.1146094856041267,45,0.0,0.0,0.0
155,produto_155,classe_4,0.1392995283528815,57,0.0,0.0,0.0
156,produto_156,classe_4,-0.0396411648971439,80,0.0,-0.0,0.0
157,produto_157,classe_4,0.1577831811428611,35,0.0,0.0,0.0
158,produto_158,classe_4,0.0407608663560045,35,0.0,0.0,0.0
159,produto_159,classe_4,0.1442068583499619,17,0.0,0.0,0.0
160,produto_160,classe_4,0.0580552079853394,24,0.0,0.0,0.0
161,produto_161,classe_4,0.0832932669919889,16,0.0,0.0,0.0
162,produto_162,classe_4,0.1785592930823165,37,0.0,0.0,0.0
163,produto_163,classe_4,0.0941419014324459,22,0.0,0.0,0.0
164,produto_164,classe_4,0.0705829221664531,16,0.0,0.0,0.0
165,produto_165,classe_4,0.1920200066692925,46,0.0,0.0,0.0
166,produto_166,classe_4,0.1449476953529231,27,0.0,0.0,0.0
167,produto_167,classe_4,0.1623620822469849,31,0.0,0.0,0.0
168,produto_168,classe_4,0.1053290009040178,32,0.0,0.0,0.0
169,produto_169,classe_4,0.1205181487283668,32,0.0,0.0,0.0
170,produto_170,classe_4,0.1315549277195613,16,0.0,0.0,0.0
171,produto_171,classe_4,0.1047099146673986,51,0.0,0.0,0.0
172,produto_172,classe_4,0.073952689347544,30,0.0,0.0,0.0
173,produto_173,classe_4,0.0189070328186677,34,0.0,0.0,0.0
174,produto_174,classe_4,0.2328849927340632,19,0.0,0.0,0.0
175,produto_175,classe_4,0.0881991362692135,56,0.0,0.0,0.0
176,produto_176,classe_4,0.09775411162263,32,0.0,0.0,0.0
177,produto_177,classe_4,0.1411141977868591,17,0.0,0.0,0.0
178,produto_178,classe_4,0.1943725395915543,44,0.0,0.0,0.0
179,produto_179,classe_4,0.1861140878981438,40,0.0,0.0,0.0
180,produto_180,classe_4,0.1257086315971384,56,0.0,0.0,0.0
181,produto_181,classe_4,0.0720141600569781,29,0.0,0.0,0.0
182,produto_182,classe_4,0.2605907341385503,78,0.0,0.0,0.0
183,produto_183,classe_4,0.2111894391488176,45,0.0,0.0,0.0
184,produto_184,classe_5,0.2048074680094627,49,0.0,0.0,0.0
185,produto_185,classe_5,0.2045291739501925,49,0.0,0.0,0.0
186,produto_186,classe_5,0.2064465161327595,49,0.0,0.0,0.0
187,produto_187,classe_5,0.192775991567617,43,0.0,0.0,0.0
188,produto_188,classe_5,0.2028553524866996,47,0.0,0.0,0.0
189,produto_189,classe_5,0.3040804322601821,145,0.0,0.0,0.0
190,produto_190,classe_5,0.0771133180182954,13,0.0,0.0,0.0
191,produto_191,classe_5,0.1007979328277198,34,0.0,0.0,0.0
192,produto_192,classe_5,0.0726382140980108,14,0.0,0.0,0.0
193,produto_193,classe_5,0.1219135031204124,28,0.0,0.0,0.0
194,produto_194,classe_5,0.0734187945513822,45,0.0,0.0,0.0
195,produto_195,classe_5,0.1054932717207018,8,0.0,0.0,0.0
196,produto_196,classe_5,0.0829464564443376,23,0.0,0.0,0.0
197,produto_197,classe_5,0.1067347714378394,8,0.0,0.0,0.0
198,produto_198,classe_5,0.1162278352126731,37,0.0,0.0,0.0
199,produto_199,classe_5,0.102738512403459,36,0.0,0.0,0.0
200,produto_200,classe_5,0.1225230263474882,8,0.0,0.0,0.0
201,produto_201,classe_5,0.148889338999566,37,0.0,0.0,0.0
202,produto_202,classe_5,0.1916240674013394,29,0.0,0.0,0.0
203,produto_203,classe_5,0.0367704431082688,34,0.0,0.0,0.0
204,produto_204,classe_5,0.1625189485240096,14,0.0,0.0,0.0
205,produto_205,classe_5,0.0850252003617073,27,0.0,0.0,0.0
206,produto_206,classe_5,0.1065459644182897,31,0.0,0.0,0.0
207,produto_207,classe_5,0.1350419228935435,32,0.0,0.0,0.0
208,produto_208,classe_5,0.1961302453715772,31,0.0,0.0,0.0
209,produto_209,classe_5,0.103057673506877,37,0.0,0.0,0.0
210,produto_210,classe_5,0.3041513292264837,151,0.0,0.0,0.0
211,produto_211,classe_5,0.1061032594413406,28,0.0,0.0,0.0
212,produto_212,classe_5,0.0106067612890381,65,0.0,0.0,0.0
213,produto_213,classe_5,-0.0553925513129161,32,0.0,-0.0,0.0
214,produto_214,classe_5,0.0849834854134921,25,0.0,0.0,0.0
215,produto_215,classe_5,0.1717138721686713,72,0.0,0.0,0.0
216,produto_216,classe_5,0.1446600238232784,43,0.0,0.0,0.0
217,produto_217,classe_5,0.1546605717964704,51,0.0,0.0,0.0
218,produto_218,classe_5,0.1215321938933119,44,0.0,0.0,0.0
219,produto_219,classe_5,0.2056903404021965,50,0.0,0.0,0.0
220,produto_220,classe_5,0.0052129096402645,36,0.0,0.0,0.0
221,produto_221,classe_5,-0.0150487685410133,35,0.0,-0.0,0.0
222,produto_222,classe_5,0.1158818210045339,28,0.0,0.0,0.0
223,produto_223,classe_5,0.1065447168561684,52,0.0,0.0,0.0
224,produto_224,classe_5,0.1352907479604641,13,0.0,0.0,0.0
225,produto_225,classe_5,0.0702954215852866,32,0.0,0.0,0.0
226,produto_226,classe_5,0.0972832253131981,35,0.0,0.0,0.0
227,produto_227,classe_5,0.1617974673680847,52,0.0,0.0,0.0
228,produto_228,classe_5,0.0527739064876879,32,0.0,0.0,0.0
229,produto_229,classe_5,0.1364483501547243,54,0.0,0.0,0.0
230,produto_230,classe_5,0.1072767371975615,28,0.0,0.0,0.0
231,produto_231,classe_5,0.1378195568580307,58,0.0,0.0,0.0
232,produto_232,classe_5,0.1350719958735466,32,0.0,0.0,0.0
233,produto_233,classe_5,0.1114192813004572,11,0.0,0.0,0.0
234,produto_234,classe_5,0.1475278444273622,13,0.0,0.0,0.0
235,produto_235,classe_5,0.0873818813556173,31,0.0,0.0,0.0
236,produto_236,classe_5,0.0340621800037982,31,0.0,0.0,0.0
237,produto_237,classe_5,0.1314247502603205,23,0.0,0.0,0.0
238,produto_238,classe_5,0.1513058505034703,15,0.0,0.0,0.0
239,produto_239,classe_5,0.1161365243187626,23,0.0,0.0,0.0
240,produto_240,classe_5,0.1015023493843531,36,0.0,0.0,0.0
241,produto_241,classe_5,0.0589987605344171,17,0.0,0.0,0.0
242,produto_242,classe_5,0.1326938473159447,25,0.0,0.0,0.0
243,produto_243,classe_5,0.1209356587678366,9,0.0,0.0,0.0
244,produto_244,classe_5,0.1966091502608566,44,0.0,0.0,0.0
245,produto_245,classe_5,0.2615241685631145,78,0.0,0.0,0.0
246,produto_246,classe_5,0.2430021946465616,68,0.0,0.0,0.0
247,produto_247,classe_5,0.2617293550070086,79,0.0,0.0,0.0
248,produto_248,classe_5,0.0918411494866041,22,0.0,0.0,0.0
249,produto_249,classe_5,0.0819393252454765,35,0.0,0.0,0.0
250,produto_250,classe_5,0.0791505183563288,26,0.0,0.0,0.0
251,produto_251,classe_5,0.135997934983621,34,0.0,0.0,0.0
252,produto_252,classe_5,0.1452755035664554,23,0.0,0.0,0.0
253,produto_253,classe_5,0.1323802223996078,12,0.0,0.0,0.0
254,produto_254,classe_5,0.079783266333799,35,0.0,0.0,0.0
255,produto_255,classe_5,0.1686112255118965,22,0.0,0.0,0.0
256,produto_256,classe_5,0.2199849946856027,56,0.0,0.0,0.0
257,produto_257,classe_5,0.2019868067723104,46,0.0,0.0,0.0
258,produto_258,classe_5,0.2612260540341714,78,0.0,0.0,0.0
259,produto_259,classe_5,0.2349170718991245,64,0.0,0.0,0.0
260,produto_260,classe_5,0.2036317336813911,47,0.0,0.0,0.0
261,produto_261,classe_6,0.1938382629602433,42,0.0,0.0,0.0
262,produto_262,classe_6,0.1969746476951646,44,0.0,0.0,0.0
263,produto_263,classe_6,0.2150333878587221,54,0.0,0.0,0.0
264,produto_264,classe_6,0.1982614069998346,45,0.0,0.0,0.0
265,produto_265,classe_6,0.1280167689590814,28,0.0,0.0,0.0
266,produto_266,classe_6,0.1306481597405064,28,0.0,0.0,0.0
267,produto_267,classe_6,0.0527821872258669,50,0.0,0.0,0.0
268,produto_268,classe_6,0.1274644971981071,43,0.0,0.0,0.0
269,produto_269,classe_6,0.3032076340320869,159,0.0,0.0,0.0
270,produto_270,classe_6,0.1533375383631336,18,0.0,0.0,0.0
271,produto_271,classe_6,0.2120613392004051,45,0.0,0.0,0.0
272,produto_272,classe_6,0.1445344023407803,32,0.0,0.0,0.0
273,produto_273,classe_6,0.0963147401471651,14,0.0,0.0,0.0
274,produto_274,classe_6,0.0991920613367782,25,0.0,0.0,0.0
275,produto_275,classe_6,0.212119229621318,45,0.0,0.0,0.0
276,produto_276,classe_6,0.1247519466017968,26,0.0,0.0,0.0
277,produto_277,classe_6,0.1182757716164915,4,0.0,0.0,0.0
278,produto_278,classe_6,0.1388995672591881,10,0.0,0.0,0.0
279,produto_279,classe_6,0.1729705511999215,58,0.0,0.0,0.0
280,produto_280,classe_6,0.2034489122234005,42,0.0,0.0,0.0
281,produto_281,classe_6,0.1492998679319404,29,0.0,0.0,0.0
282,produto_282,classe_6,0.1333786179067306,9,0.0,0.0,0.0
283,produto_283,classe_6,0.2352865627554132,70,0.0,0.0,0.0
284,produto_284,classe_6,0.1323324852251938,14,0.0,0.0,0.0
285,produto_285,classe_6,0.1980124378205437,44,0.0,0.0,0.0
286,produto_286,classe_6,0.0532872448550122,28,0.0,0.0,0.0
287,produto_287,classe_6,-0.0831334604998146,50,0.0,-0.0,0.0
288,produto_288,classe_6,-0.0746016182737546,35,0.0,-0.0,0.0
289,produto_289,classe_6,-0.0635638405169275,30,0.0,-0.0,0.0
290,produto_290,classe_6,0.0183567990928847,31,0.0,0.0,0.0
291,produto_291,classe_6,0.1513874406015962,44,0.0,0.0,0.0
292,produto_292,classe_6,-0.0194298043667734,56,0.0,-0.0,0.0
293,produto_293,classe_6,0.1314419757254303,43,0.0,0.0,0.0
294,produto_294,classe_6,0.2197423359117042,56,0.0,0.0,0.0
295,produto_295,classe_6,-0.1474875725587587,56,0.0,-0.0,0.0
296,produto_296,classe_6,0.1754260211530552,57,0.0,0.0,0.0
297,produto_297,classe_6,0.1412720412600325,45,0.0,0.0,0.0
298,produto_298,classe_6,0.0061737577448263,46,0.0,0.0,0.0
299,produto_299,classe_6,0.0144217947663008,47,0.0,0.0,0.0
300,produto_300,classe_6,0.1715850326429872,46,0.0,0.0,0.0
301,produto_301,classe_6,-0.1473123291608041,62,0.0,-0.0,0.0
302,produto_302,classe_6,0.080184774434409,32,0.0,0.0,0.0
303,produto_303,classe_6,0.1107517202708346,46,0.0,0.0,0.0
304,produto_304,classe_6,0.1402623744139005,46,0.0,0.0,0.0
305,produto_305,classe_6,0.0910899324465369,45,0.0,0.0,0.0
306,produto_306,classe_6,0.1538186225082135,43,0.0,0.0,0.0
307,produto_307,classe_6,0.1521389033522391,17,0.0,0.0,0.0
308,produto_308,classe_6,0.1404404566806495,44,0.0,0.0,0.0
309,produto_309,classe_6,0.1616508569761002,43,0.0,0.0,0.0
310,produto_310,classe_6,0.2077331725260238,44,0.0,0.0,0.0
311,produto_311,classe_6,0.1212552684650722,51,0.0,0.0,0.0
312,produto_312,classe_6,0.1388541076401629,44,0.0,0.0,0.0
313,produto_313,classe_6,-0.0343727563344828,62,0.0,-0.0,0.0
314,produto_314,classe_6,0.1275336839157021,21,0.0,0.0,0.0
315,produto_315,classe_6,-0.1503647605433812,43,0.0,-0.0,0.0
316,produto_316,classe_6,0.146354651859974,44,0.0,0.0,0.0
317,produto_317,classe_6,0.1137418978706959,32,0.0,0.0,0.0
318,produto_318,classe_6,0.1999077815819014,43,0.0,0.0,0.0
319,produto_319,classe_6,0.0973265957864095,31,0.0,0.0,0.0
320,produto_320,classe_6,-0.0899935043860925,32,0.0,-0.0,0.0
321,produto_321,classe_6,-0.0121551796931845,46,0.0,-0.0,0.0
322,produto_322,classe_6,0.0906694349993609,46,0.0,0.0,0.0
323,produto_323,classe_6,0.0805413019119622,32,0.0,0.0,0.0
324,produto_324,classe_6,-0.0928822562737768,56,0.0,-0.0,0.0
325,produto_325,classe_6,0.0808855280085966,45,0.0,0.0,0.0
326,produto_326,classe_6,0.0806626857446545,32,0.0,0.0,0.0
327,produto_327,classe_6,0.1526254722868124,31,0.0,0.0,0.0
328,produto_328,classe_6,0.0236143057242185,31,0.0,0.0,0.0
329,produto_329,classe_6,0.1460897671641918,45,0.0,0.0,0.0
330,produto_330,classe_6,0.1507199613915512,44,0.0,0.0,0.0
331,produto_331,classe_6,-0.1078091596732233,44,0.0,-0.0,0.0
332,produto_332,classe_6,0.1860031679120528,44,0.0,0.0,0.0
333,produto_333,classe_6,0.2165838396323988,31,0.0,0.0,0.0
334,produto_334,classe_6,0.1694010527120907,26,0.0,0.0,0.0
335,produto_335,classe_6,0.105686489649557,31,0.0,0.0,0.0
336,produto_336,classe_6,0.169311343660625,44,0.0,0.0,0.0
337,produto_337,classe_6,0.3151063413617514,56,0.0,0.0,0.0
338,produto_338,classe_6,0.137665201180845,57,0.0,0.0,0.0
339,produto_339,classe_6,0.1279621753727339,58,0.0,0.0,0.0
340,produto_340,classe_6,0.1059281623017521,31,0.0,0.0,0.0
341,produto_341,classe_6,0.2057946386828521,44,0.0,0.0,0.0
342,produto_342,classe_6,0.0997646266363665,31,0.0,0.0,0.0
343,produto_343,classe_6,0.1100498854131667,29,0.0,0.0,0.0
344,produto_344,classe_6,0.1160238260736211,24,0.0,0.0,0.0
345,produto_345,classe_6,0.0990857480235273,32,0.0,0.0,0.0
346,produto_346,classe_6,-0.0408994174454924,147,0.0,-0.0,0.0
347,produto_347,classe_6,-0.0853727511151271,31,0.0,-0.0,0.0
348,produto_348,classe_6,0.0938917660395895,31,0.0,0.0,0.0
349,produto_349,classe_6,0.0988912707428185,31,0.0,0.0,0.0
350,produto_350,classe_6,0.2910656215648201,44,0.0,0.0,0.0
351,produto_351,classe_6,0.2287819442603577,44,0.0,0.0,0.0
352,produto_352,classe_6,-0.0838983399699107,31,0.0,-0.0,0.0
353,produto_353,classe_6,0.0963122607267934,29,0.0,0.0,0.0
354,produto_354,classe_6,0.1118079387717152,46,0.0,0.0,0.0
355,produto_355,classe_6,0.1147276326370646,47,0.0,0.0,0.0
356,produto_356,classe_6,0.0368794624302877,45,0.0,0.0,0.0
357,produto_357,classe_6,0.2622377865637896,56,0.0,0.0,0.0
358,produto_358,classe_6,0.1372130963388715,46,0.0,0.0,0.0
359,produto_359,classe_6,0.1037738870995421,31,0.0,0.0,0.0
360,produto_360,classe_6,0.1186867650578706,34,0.0,0.0,0.0
361,produto_361,classe_6,0.090167746802419,31,0.0,0.0,0.0
362,produto_362,classe_6,0.1283735222567153,29,0.0,0.0,0.0
363,produto_363,classe_6,0.1137820085052218,16,0.0,0.0,0.0
364,produto_364,classe_6,0.1096360787416553,39,0.0,0.0,0.0
365,produto_365,classe_6,0.1224396000900674,30,0.0,0.0,0.0
366,produto_366,classe_6,0.0803562876995047,35,0.0,0.0,0.0
367,produto_367,classe_6,0.1522663191433597,32,0.0,0.0,0.0
368,produto_368,classe_6,0.0130835064918543,147,0.0,0.0,0.0
369,produto_369,classe_6,-0.1321228478207315,46,0.0,-0.0,0.0
370,produto_370,classe_6,0.0919549798749742,46,0.0,0.0,0.0
371,produto_371,classe_6,0.1827268529215348,43,0.0,0.0,0.0
372,produto_372,classe_6,0.0719399346016734,31,0.0,0.0,0.0
373,produto_373,classe_6,0.1455179363984445,32,0.0,0.0,0.0
374,produto_374,classe_6,0.1070938170517679,31,0.0,0.0,0.0
375,produto_375,classe_6,0.0985152219753235,45,0.0,0.0,0.0
376,produto_376,classe_6,0.1226247806975842,39,0.0,0.0,0.0
377,produto_377,classe_6,0.1443805976054871,46,0.0,0.0,0.0
378,produto_378,classe_6,0.3698310789320953,46,0.0,0.0,0.0
379,produto_379,classe_6,0.1896541449294845,28,0.0,0.0,0.0
380,produto_380,classe_6,0.0742435716828346,36,0.0,0.0,0.0
381,produto_381,classe_6,0.1180482257060377,65,0.0,0.0,0.0
382,produto_382,classe_6,0.1389458869730344,69,0.0,0.0,0.0
383,produto_383,classe_6,0.176219105113254,35,0.0,0.0,0.0
384,produto_384,classe_6,0.2020188982280001,46,0.0,0.0,0.0
385,produto_385,classe_6,0.1579949259362244,34,0.0,0.0,0.0
386,produto_386,classe_6,0.1382887437106235,32,0.0,0.0,0.0
387,produto_387,classe_6,0.201771268127008,28,0.0,0.0,0.0
388,produto_388,classe_6,0.1186856515234144,32,0.0,0.0,0.0
389,produto_389,classe_6,0.1113497982883452,31,0.0,0.0,0.0
390,produto_390,classe_6,0.1178360003476696,34,0.0,0.0,0.0
391,produto_391,classe_6,0.1741910018417356,46,0.0,0.0,0.0
392,produto_392,classe_6,0.1226681551152074,34,0.0,0.0,0.0
393,produto_393,classe_6,0.114371071984738,36,0.0,0.0,0.0
394,produto_394,classe_6,0.1379041032238073,34,0.0,0.0,0.0
395,produto_395,classe_6,0.2220575414389454,51,0.0,0.0,0.0
396,produto_396,classe_6,0.3034840260311366,120,0.0,0.0,0.0
397,produto_397,classe_6,0.3038270121438559,150,0.0,0.0,0.0
398,produto_398,classe_6,0.3034286770101191,120,0.0,0.0,0.0
399,produto_399,classe_6,0.2054877884249291,49,0.0,0.0,0.0
400,produto_400,classe_6,0.1998193784250355,45,0.0,0.0,0.0
401,produto_401,classe_6,0.1974173897945994,45,0.0,0.0,0.0
402,produto_402,classe_6,0.1969332480038633,45,0.0,0.0,0.0
403,produto_403,classe_6,0.1141075904960909,34,0.0,0.0,0.0
404,produto_404,classe_6,0.1150478486248362,2,0.0,0.0,0.0
405,produto_405,classe_6,0.1371921418649136,41,0.0,0.0,0.0
406,produto_406,classe_7,0.0635498392375495,55,0.0,0.0,0.0
407,produto_407,classe_7,0.1141193893932393,43,0.0,0.0,0.0
408,produto_408,classe_7,0.1338798837613066,16,0.0,0.0,0.0
409,produto_409,classe_7,0.1367488404468618,27,0.0,0.0,0.0
410,produto_410,classe_7,-0.0067211061785431,50,0.0,-0.0,0.0
411,produto_411,classe_7,-0.0234955880245269,80,0.0,-0.0,0.0
412,produto_412,classe_7,0.0870241095216311,31,0.0,0.0,0.0
413,produto_413,classe_7,0.2174336184110956,32,0.0,0.0,0.0
414,produto_414,classe_7,0.1848131361934494,36,0.0,0.0,0.0
415,produto_415,classe_8,0.2060010763375628,49,0.0,0.0,0.0
416,produto_416,classe_8,0.0726171118839273,40,0.0,0.0,0.0
417,produto_417,classe_8,0.204549207550093,48,0.0,0.0,0.0
418,produto_418,classe_8,0.2053918407747051,49,0.0,0.0,0.0
419,produto_419,classe_8,0.253851726966208,74,0.0,0.0,0.0
420,produto_420,classe_8,0.3036894910374614,151,0.0,0.0,0.0
421,produto_421,classe_8,0.1432982912497858,32,0.0,0.0,0.0
422,produto_422,classe_8,0.130728435737541,46,0.0,0.0,0.0
423,produto_423,classe_8,0.2855567484331495,48,0.0,0.0,0.0
424,produto_424,classe_8,0.1122356776625352,24,0.0,0.0,0.0
425,produto_425,classe_8,0.1266257803723029,18,0.0,0.0,0.0
426,produto_426,classe_8,0.1030694783097419,27,0.0,0.0,0.0
427,produto_427,classe_8,0.1045835774449563,21,0.0,0.0,0.0
428,produto_428,classe_8,0.116480134830731,6,0.0,0.0,0.0
429,produto_429,classe_8,0.2047776083412757,49,0.0,0.0,0.0
430,produto_430,classe_8,0.1161508330079141,5,0.0,0.0,0.0
431,produto_431,classe_8,0.1174044676580455,5,0.0,0.0,0.0
432,produto_432,classe_8,0.1564927278488658,46,0.0,0.0,0.0
433,produto_433,classe_8,0.2050042617344097,48,0.0,0.0,0.0
434,produto_434,classe_8,0.2056637145777241,49,0.0,0.0,0.0
435,produto_435,classe_8,0.2046045100293066,48,0.0,0.0,0.0
436,produto_436,classe_8,0.0780431922190213,17,0.0,0.0,0.0
437,produto_437,classe_8,0.090737883438099,5,0.0,0.0,0.0
438,produto_438,classe_8,0.2175662316581841,56,0.0,0.0,0.0
439,produto_439,classe_8,0.1295782293388339,11,0.0,0.0,0.0
440,produto_440,classe_8,0.3029720837194383,145,0.0,0.0,0.0
441,produto_441,classe_8,0.127783232291763,4,0.0,0.0,0.0
442,produto_442,classe_8,0.1292489002067781,13,0.0,0.0,0.0
443,produto_443,classe_8,0.19909448714046,46,0.0,0.0,0.0
444,produto_444,classe_8,0.1026530577750233,9,0.0,0.0,0.0
445,produto_445,classe_8,0.0720298910595343,3,0.0,0.0,0.0
446,produto_446,classe_8,0.1336316944144028,10,0.0,0.0,0.0
447,produto_447,classe_8,0.1926893673522505,42,0.0,0.0,0.0
448,produto_448,classe_8,0.1880111209716947,40,0.0,0.0,0.0
449,produto_449,classe_8,0.2002547560036242,45,0.0,0.0,0.0
450,produto_450,classe_8,0.1213097446982364,10,0.0,0.0,0.0
451,produto_451,classe_8,0.2119197709816773,53,0.0,0.0,0.0
452,produto_452,classe_8,0.1128216282917285,2,0.0,0.0,0.0
453,produto_453,classe_8,0.1170472102153483,7,0.0,0.0,0.0
454,produto_454,classe_8,0.0434004020792712,48,0.0,0.0,0.0
455,produto_455,classe_8,0.118226036576637,3,0.0,0.0,0.0
456,produto_456,classe_8,0.1200058508494932,7,0.0,0.0,0.0
457,produto_457,classe_8,0.1412051317726814,29,0.0,0.0,0.0
458,produto_458,classe_8,0.1206360775523618,10,0.0,0.0,0.0
459,produto_459,classe_8,0.1186099196801696,7,0.0,0.0,0.0
460,produto_460,classe_8,0.1269257195663448,14,0.0,0.0,0.0
461,produto_461,classe_8,0.1377456940040747,19,0.0,0.0,0.0
462,produto_462,classe_8,-0.0509730690930843,48,0.0,-0.0,0.0
463,produto_463,classe_8,0.028670575421559,32,0.0,0.0,0.0
464,produto_464,classe_8,0.1165885582072785,37,0.0,0.0,0.0
465,produto_465,classe_8,0.1315707809541473,27,0.0,0.0,0.0
466,produto_466,classe_8,0.1707366130084395,36,0.0,0.0,0.0
467,produto_467,classe_8,0.0689422573284336,35,0.0,0.0,0.0
468,produto_468,classe_8,0.105485846312305,27,0.0,0.0,0.0
469,produto_469,classe_8,0.1209988503874908,8,0.0,0.0,0.0
470,produto_470,classe_8,0.1161320788480761,32,0.0,0.0,0.0
471,produto_471,classe_8,0.0591495024704344,32,0.0,0.0,0.0
472,produto_472,classe_8,0.1234697479628695,22,0.0,0.0,0.0
473,produto_473,classe_8,0.1232746227171028,7,0.0,0.0,0.0
474,produto_474,classe_8,0.201026237956739,32,0.0,0.0,0.0
475,produto_475,classe_8,0.1912714458183927,42,0.0,0.0,0.0
476,produto_476,classe_8,0.1029701255248326,10,0.0,0.0,0.0
477,produto_477,classe_8,0.1139693671512076,6,0.0,0.0,0.0
478,produto_478,classe_8,0.1274672488021069,31,0.0,0.0,0.0
479,produto_479,classe_8,0.1173525394003126,2,0.0,0.0,0.0
480,produto_480,classe_8,0.1308859221082486,8,0.0,0.0,0.0
481,produto_481,classe_8,0.1291794647342229,9,0.0,0.0,0.0
482,produto_482,classe_8,0.1125751792255501,22,0.0,0.0,0.0
483,produto_483,classe_8,0.1332701058198863,9,0.0,0.0,0.0
484,produto_484,classe_8,0.1283439187775043,25,0.0,0.0,0.0
485,produto_485,classe_8,0.1307578081075458,33,0.0,0.0,0.0
486,produto_486,classe_8,0.0083824172258286,37,0.0,0.0,0.0
487,produto_487,classe_8,0.1410763025726154,27,0.0,0.0,0.0
488,produto_488,classe_8,0.1280473790477733,35,0.0,0.0,0.0
489,produto_489,classe_8,0.1130199833477322,2,0.0,0.0,0.0
490,produto_490,classe_8,0.1053350219534946,29,0.0,0.0,0.0
491,produto_491,classe_8,-0.0348066067376494,29,0.0,-0.0,0.0
492,produto_492,classe_8,0.0927187256028707,31,0.0,0.0,0.0
493,produto_493,classe_8,0.0019274922034022,28,0.0,0.0,0.0
494,produto_494,classe_8,0.1503436587292132,22,0.0,0.0,0.0
495,produto_495,classe_8,0.1094753231175518,35,0.0,0.0,0.0
496,produto_496,classe_8,-0.0317377267296133,63,0.0,-0.0,0.0
497,produto_497,classe_8,0.1064822737672132,37,0.0,0.0,0.0
498,produto_498,classe_8,0.118831018239695,12,0.0,0.0,0.0
499,produto_499,classe_8,0.1176386175913657,31,0.0,0.0,0.0
500,produto_500,classe_8,0.1536872788777903,36,0.0,0.0,0.0
501,produto_501,classe_8,0.1375304878246909,13,0.0,0.0,0.0
502,produto_502,classe_8,0.1377189277222178,11,0.0,0.0,0.0
503,produto_503,classe_8,0.0293017710513417,35,0.0,0.0,0.0
504,produto_504,classe_8,0.1129567164321127,3,0.0,0.0,0.0
505,produto_505,classe_8,0.1400244911853204,10,0.0,0.0,0.0
506,produto_506,classe_8,0.1323292590624177,63,0.0,0.0,0.0
507,produto_507,classe_8,0.0822895713287302,63,0.0,0.0,0.0
508,produto_508,classe_8,0.0005697159365647,36,0.0,0.0,0.0
509,produto_509,classe_8,0.1234158974619592,12,0.0,0.0,0.0
510,produto_510,classe_8,0.1535248528313571,52,0.0,0.0,0.0
511,produto_511,classe_8,0.1111929587368579,35,0.0,0.0,0.0
512,produto_512,classe_8,0.1133319369972338,19,0.0,0.0,0.0
513,produto_513,classe_8,0.0761828853056072,7,0.0,0.0,0.0
514,produto_514,classe_8,0.1201921100150413,26,0.0,0.0,0.0
515,produto_515,classe_8,0.1333293450305067,30,0.0,0.0,0.0
516,produto_516,classe_8,0.1390010950382884,19,0.0,0.0,0.0
517,produto_517,classe_8,0.1208309246295045,8,0.0,0.0,0.0
518,produto_518,classe_8,0.119859527969916,28,0.0,0.0,0.0
519,produto_519,classe_8,0.1046840659731328,20,0.0,0.0,0.0
520,produto_520,classe_8,0.1302421306593925,11,0.0,0.0,0.0
521,produto_521,classe_8,0.1519963868402187,36,0.0,0.0,0.0
522,produto_522,classe_8,0.1288871883954731,24,0.0,0.0,0.0
523,produto_523,classe_8,0.1266178186385264,8,0.0,0.0,0.0
524,produto_524,classe_8,0.1464730081936188,31,0.0,0.0,0.0
525,produto_525,classe_8,0.1172466640386462,21,0.0,0.0,0.0
526,produto_526,classe_8,0.1417847065668407,30,0.0,0.0,0.0
527,produto_527,classe_8,0.1173161446329302,10,0.0,0.0,0.0
528,produto_528,classe_8,0.1073462178583812,11,0.0,0.0,0.0
529,produto_529,classe_8,0.1434208161790574,19,0.0,0.0,0.0
530,produto_530,classe_8,0.1224137590756554,23,0.0,0.0,0.0
531,produto_531,classe_8,0.111696975295865,23,0.0,0.0,0.0
532,produto_532,classe_8,0.1164147920304045,21,0.0,0.0,0.0
533,produto_533,classe_8,0.1308592981875722,24,0.0,0.0,0.0
534,produto_534,classe_8,0.1392443232597985,28,0.0,0.0,0.0
535,produto_535,classe_8,0.1700917047234581,33,0.0,0.0,0.0
536,produto_536,classe_8,0.12785724958636,13,0.0,0.0,0.0
537,produto_537,classe_8,0.1271851836142598,41,0.0,0.0,0.0
538,produto_538,classe_8,0.1284486160629402,29,0.0,0.0,0.0
539,produto_539,classe_8,0.1191380491456159,10,0.0,0.0,0.0
540,produto_540,classe_8,0.1243872542879609,23,0.0,0.0,0.0
541,produto_541,classe_8,0.1217424623024541,31,0.0,0.0,0.0
542,produto_542,classe_8,0.1176064509602227,11,0.0,0.0,0.0
543,produto_543,classe_8,0.1034626053566477,42,0.0,0.0,0.0
544,produto_544,classe_8,0.1265316345044048,10,0.0,0.0,0.0
545,produto_545,classe_8,0.12449385536775,23,0.0,0.0,0.0
546,produto_546,classe_8,0.1206151391742013,14,0.0,0.0,0.0
547,produto_547,classe_8,0.1360962833995528,45,0.0,0.0,0.0
548,produto_548,classe_8,0.1232589203883632,31,0.0,0.0,0.0
549,produto_549,classe_8,0.1255918488844681,8,0.0,0.0,0.0
550,produto_550,classe_8,0.1136205431117509,14,0.0,0.0,0.0
551,produto_551,classe_8,0.1903534654448441,32,0.0,0.0,0.0
552,produto_552,classe_8,0.195751739862437,44,0.0,0.0,0.0
553,produto_553,classe_8,0.1328882820533325,24,0.0,0.0,0.0
554,produto_554,classe_8,0.136735182409117,16,0.0,0.0,0.0
555,produto_555,classe_8,0.1999860706171498,45,0.0,0.0,0.0
556,produto_556,classe_8,0.1725893150634576,31,0.0,0.0,0.0
557,produto_557,classe_8,0.0985988402703068,31,0.0,0.0,0.0
558,produto_558,classe_8,0.1345023013401375,37,0.0,0.0,0.0
559,produto_559,classe_8,0.1724167236182141,32,0.0,0.0,0.0
560,produto_560,classe_8,0.1976137334094353,45,0.0,0.0,0.0
561,produto_561,classe_8,0.1388344253478224,12,0.0,0.0,0.0
562,produto_562,classe_8,0.1957268945446003,44,0.0,0.0,0.0
563,produto_563,classe_8,0.1297660770958252,23,0.0,0.0,0.0
564,produto_564,classe_8,0.1986953466783446,46,0.0,0.0,0.0
565,produto_565,classe_8,0.1865976555654011,44,0.0,0.0,0.0
566,produto_566,classe_8,0.226735892555524,45,0.0,0.0,0.0
567,produto_567,classe_8,0.2083362046430371,46,0.0,0.0,0.0
568,produto_568,classe_8,0.1047592626373915,58,0.0,0.0,0.0
569,produto_569,classe_8,0.0952158125533402,32,0.0,0.0,0.0
570,produto_570,classe_8,0.1487756607767892,56,0.0,0.0,0.0
571,produto_571,classe_8,0.2379056232421868,44,0.0,0.0,0.0
572,produto_572,classe_8,0.1517807539937239,45,0.0,0.0,0.0
573,produto_573,classe_8,0.1395109005809217,45,0.0,0.0,0.0
574,produto_574,classe_8,0.1641398166218857,31,0.0,0.0,0.0
575,produto_575,classe_8,0.1487417273632737,12,0.0,0.0,0.0
576,produto_576,classe_8,0.146167168707324,35,0.0,0.0,0.0
577,produto_577,classe_8,0.1877689334936672,40,0.0,0.0,0.0
578,produto_578,classe_8,0.1324314117181636,13,0.0,0.0,0.0
579,produto_579,classe_8,0.0899585175656789,58,0.0,0.0,0.0
580,produto_580,classe_8,0.1284156437225344,29,0.0,0.0,0.0
581,produto_581,classe_8,0.0957818028084368,21,0.0,0.0,0.0
582,produto_582,classe_8,0.2158264988211797,45,0.0,0.0,0.0
583,produto_583,classe_8,0.0673494013109233,44,0.0,0.0,0.0
584,produto_584,classe_8,0.086468914127003,58,0.0,0.0,0.0
585,produto_585,classe_8,0.1553885893285964,57,0.0,0.0,0.0
586,produto_586,classe_8,0.1466752330052035,66,0.0,0.0,0.0
587,produto_587,classe_8,0.126113015305782,42,0.0,0.0,0.0
588,produto_588,classe_8,0.2143918186167812,53,0.0,0.0,0.0
589,produto_589,classe_8,0.2038596915221682,48,0.0,0.0,0.0
590,produto_590,classe_8,0.2138001168849788,53,0.0,0.0,0.0
591,produto_591,classe_8,0.2044400569326945,49,0.0,0.0,0.0
592,produto_592,classe_8,0.1433839913429737,32,0.0,0.0,0.0
593,produto_593,classe_8,0.12379301145684,21,0.0,0.0,0.0
594,produto_594,classe_8,0.3030926031771219,150,0.0,0.0,0.0
595,produto_595,classe_8,0.2070705981809903,50,0.0,0.0,0.0
596,produto_596,classe_8,0.208459467123991,50,0.0,0.0,0.0
597,produto_597,classe_8,0.2613775838576923,78,0.0,0.0,0.0
598,produto_598,classe_8,0.2138600633063911,54,0.0,0.0,0.0
599,produto_599,classe_8,0.2184751365067876,56,0.0,0.0,0.0
600,produto_600,classe_8,0.2612849115118819,78,0.0,0.0,0.0
601,produto_601,classe_8,0.3029605514890362,150,0.0,0.0,0.0
602,produto_602,classe_8,0.2043056275928059,48,0.0,0.0,0.0
603,produto_603,classe_8,0.127556106915791,42,0.0,0.0,0.0
604,produto_604,classe_8,0.1629686683509929,28,0.0,0.0,0.0
605,produto_605,classe_8,0.1382779985883558,26,0.0,0.0,0.0
606,produto_606,classe_8,0.1972169269566739,45,0.0,0.0,0.0
607,produto_607,classe_8,0.1989293011557174,45,0.0,0.0,0.0
608,produto_608,classe_8,0.1517800593072783,17,0.0,0.0,0.0
609,produto_609,classe_8,0.1244256298064402,33,0.0,0.0,0.0
610,produto_610,classe_8,0.2283787642900103,62,0.0,0.0,0.0
611,produto_611,classe_8,0.1933684237585606,43,0.0,0.0,0.0
612,produto_612,classe_8,0.1973364713137519,45,0.0,0.0,0.0
613,produto_613,classe_8,0.1178852613658579,2,0.0,0.0,0.0
614,produto_614,classe_8,0.0424160240988267,46,0.0,0.0,0.0
615,produto_615,classe_9,0.1996782060622599,46,0.0,0.0,0.0
616,produto_616,classe_9,0.23427146257056,65,0.0,0.0,0.0
617,produto_617,classe_9,0.1460158007097599,18,0.0,0.0,0.0
618,produto_618,classe_9,0.1991648431655893,46,0.0,0.0,0.0
619,produto_619,classe_9,0.1305378582612633,8,0.0,0.0,0.0
620,produto_620,classe_9,0.1087924798441708,39,0.0,0.0,0.0
621,produto_621,classe_9,0.2047873187399133,49,0.0,0.0,0.0
622,produto_622,classe_9,0.1373211319892071,12,0.0,0.0,0.0
623,produto_623,classe_9,0.2054967304383157,49,0.0,0.0,0.0
624,produto_624,classe_9,0.0894612850766311,10,0.0,0.0,0.0
625,produto_625,classe_9,0.3036488187347946,159,0.0,0.0,0.0
626,produto_626,classe_9,0.3032372748064884,131,0.0,0.0,0.0
627,produto_627,classe_9,0.1047448566203531,9,0.0,0.0,0.0
628,produto_628,classe_9,0.1955850104789842,44,0.0,0.0,0.0
629,produto_629,classe_9,0.1471347950289818,18,0.0,0.0,0.0
630,produto_630,classe_9,0.2045810360475548,48,0.0,0.0,0.0
631,produto_631,classe_9,0.2201044636725316,57,0.0,0.0,0.0
632,produto_632,classe_9,0.3032976960403206,144,0.0,0.0,0.0
633,produto_633,classe_9,0.1298819657950664,13,0.0,0.0,0.0
634,produto_634,classe_9,0.1221386696615423,31,0.0,0.0,0.0
635,produto_635,classe_9,0.0521961336813297,20,0.0,0.0,0.0
636,produto_636,classe_9,0.0765063347389088,29,0.0,0.0,0.0
637,produto_637,classe_9,0.1895993221660102,32,0.0,0.0,0.0
638,produto_638,classe_9,0.2030577129300328,32,0.0,0.0,0.0
639,produto_639,classe_9,0.1390844509274499,33,0.0,0.0,0.0
640,produto_640,classe_9,0.1196617833683217,11,0.0,0.0,0.0
641,produto_641,classe_9,0.1125264686490926,31,0.0,0.0,0.0
642,produto_642,classe_9,0.1502665044352108,28,0.0,0.0,0.0
643,produto_643,classe_9,0.1728856982918478,57,0.0,0.0,0.0
644,produto_644,classe_9,0.1270355407369188,25,0.0,0.0,0.0
645,produto_645,classe_9,0.1392824537517297,32,0.0,0.0,0.0
646,produto_646,classe_9,-0.0637617991156454,70,0.0,-0.0,0.0
647,produto_647,classe_9,0.1810137615427842,27,0.0,0.0,0.0
648,produto_648,classe_9,0.2240757555583307,29,0.0,0.0,0.0
649,produto_649,classe_9,0.117565910440482,36,0.0,0.0,0.0
650,produto_650,classe_9,0.0018435608123981,28,0.0,0.0,0.0
651,produto_651,classe_9,0.1906965149823999,29,0.0,0.0,0.0
652,produto_652,classe_9,-0.0946919657897915,36,0.0,-0.0,0.0
653,produto_653,classe_9,0.1591002853545809,31,0.0,0.0,0.0
654,produto_654,classe_9,0.0749782362565273,35,0.0,0.0,0.0
655,produto_655,classe_9,0.0462464180414894,35,0.0,0.0,0.0
656,produto_656,classe_9,0.1120472194124476,36,0.0,0.0,0.0
657,produto_657,classe_9,0.1382696011509642,32,0.0,0.0,0.0
658,produto_658,classe_9,-0.1724072061842604,36,0.0,-0.0,0.0
659,produto_659,classe_9,0.1196589539366904,31,0.0,0.0,0.0
660,produto_660,classe_9,0.077508595835191,29,0.0,0.0,0.0
661,produto_661,classe_9,0.1227010077589342,34,0.0,0.0,0.0
662,produto_662,classe_9,0.1672692963419196,31,0.0,0.0,0.0
663,produto_663,classe_9,0.1221586245604687,32,0.0,0.0,0.0
664,produto_664,classe_9,0.1196268586917402,10,0.0,0.0,0.0
665,produto_665,classe_9,0.1978969263024692,45,0.0,0.0,0.0
666,produto_666,classe_9,0.2056535448487046,48,0.0,0.0,0.0
667,produto_667,classe_9,0.2042118819652782,48,0.0,0.0,0.0

