,produto,classe,retorno,avaliacao_risco,aloc,ret_med,aval
0,produto_0,classe_0,0.1292435423979003,23,0.04,0.005169741695916013,0.92
1,produto_1,classe_0,0.1358722472704611,12,0.04,0.005434889890818444,0.48
2,produto_2,classe_0,0.1182267903710976,5,0.04,0.004729071614843904,0.2
3,produto_3,classe_0,0.1386541072503967,37,0.04,0.005546164290015868,1.48
4,produto_4,classe_0,0.1177898914380581,4,0.04,0.004711595657522324,0.16
5,produto_5,classe_0,0.1808010561330339,36,0.04,0.007232042245321356,1.44
6,produto_6,classe_0,0.1360530253136228,35,0.04,0.005442121012544912,1.4000000000000001
7,produto_7,classe_0,0.1123547245654918,34,0.04,0.004494188982619672,1.36
8,produto_8,classe_0,0.0940344321953337,46,0.04,0.003761377287813348,1.84
9,produto_9,classe_0,0.1459035536281503,37,0.04,0.005836142145126012,1.48
10,produto_10,classe_0,0.1767229201000895,34,0.04,0.0070689168040035805,1.36
11,produto_11,classe_0,0.0507125334663377,63,0.04,0.0020285013386535083,2.52
12,produto_12,classe_0,0.0743465477004919,31,0.04,0.002973861908019676,1.24
13,produto_13,classe_0,0.125330919575861,29,0.04,0.00501323678303444,1.16
14,produto_14,classe_0,0.0245649742789642,13,0.04,0.000982598971158568,0.52
15,produto_15,classe_0,0.1608276470266641,13,0.04,0.006433105881066564,0.52
16,produto_16,classe_0,0.1143527280404528,3,0.04,0.004574109121618112,0.12
17,produto_17,classe_0,0.1485140139228606,24,0.04,0.0059405605569144235,0.96
18,produto_18,classe_1,0.1809730181811603,33,0.05,0.009048650909058015,1.6500000000000001
19,produto_19,classe_1,0.1804823190591617,45,0.05,0.009024115952958085,2.25
20,produto_20,classe_1,0.1357285672326266,13,0.05,0.0067864283616313305,0.65
21,produto_21,classe_1,0.1390590008206134,15,0.05,0.0069529500410306705,0.75
22,produto_22,classe_1,0.1319325534463692,25,0.05,0.00659662767231846,1.25
23,produto_23,classe_1,0.1073263955335621,46,0.05,0.005366319776678105,2.3000000000000003
24,produto_24,classe_1,0.143287539004231,27,0.05,0.00716437695021155,1.35
25,produto_25,classe_1,0.1854815300599231,44,0.05,0.009274076502996156,2.2
26,produto_26,classe_1,0.1501997357681584,44,0.05,0.00750998678840792,2.2
27,produto_27,classe_1,0.1588180904159643,40,0.05,0.007940904520798216,2.0
28,produto_28,classe_1,0.0969707094022905,43,0.05,0.004848535470114525,2.15
29,produto_29,classe_1,0.1435051642990884,45,0.05,0.007175258214954421,2.25
30,produto_30,classe_1,0.1849126410822259,46,0.05,0.009245632054111295,2.3000000000000003
31,produto_31,classe_1,0.1324949348763792,43,0.05,0.00662474674381896,2.15
32,produto_32,classe_1,0.2814514398310957,35,0.05,0.014072571991554787,1.75
33,produto_33,classe_1,0.1498252797625106,33,0.05,0.00749126398812553,1.6500000000000001
34,produto_34,classe_1,0.1550355922607897,32,0.05,0.007751779613039485,1.6
35,produto_35,classe_1,-0.0472622442267077,146,0.05,-0.0023631122113353855,7.300000000000001
36,produto_36,classe_1,0.1125098103020154,22,0.05,0.0056254905151007705,1.1
37,produto_37,classe_1,0.1233539206755808,14,0.05,0.006167696033779041,0.7000000000000001
38,produto_38,classe_1,0.135880244834619,17,0.05,0.00679401224173095,0.8500000000000001
39,produto_39,classe_1,0.1447044954887837,19,0.05,0.007235224774439185,0.9500000000000001
40,produto_40,classe_1,0.1293524762418433,8,0.05,0.006467623812092165,0.4
41,produto_41,classe_1,0.1324014853379732,11,0.05,0.0066200742668986595,0.55
42,produto_42,classe_1,0.1657069224845608,33,0.05,0.00828534612422804,1.6500000000000001
43,produto_43,classe_1,0.1889139078777814,43,0.05,0.009445695393889071,2.15
44,produto_44,classe_1,0.1398104031656754,16,0.05,0.00699052015828377,0.8
45,produto_45,classe_1,0.1568614131839665,31,0.05,0.007843070659198327,1.55
46,produto_46,classe_1,0.1481259041035625,40,0.05,0.007406295205178125,2.0
47,produto_47,classe_1,0.1556233494153888,55,0.05,0.00778116747076944,2.75
48,produto_48,classe_1,0.114492398502283,11,0.05,0.0057246199251141505,0.55
49,produto_49,classe_1,0.1021916843031914,43,0.05,0.00510958421515957,2.15
50,produto_50,classe_1,0.1803594458563599,30,0.05,0.009017972292817996,1.5
53,produto_53,classe_2,0.1799960012552068,35,0.049999999999999996,0.008999800062760339,1.7499999999999998
54,produto_54,classe_2,0.2119232087080068,45,0.049999999999999996,0.01059616043540034,2.25
55,produto_55,classe_2,0.1562653243688953,15,0.049999999999999996,0.007813266218444763,0.7499999999999999
56,produto_56,classe_2,0.1554310927508178,15,0.049999999999999996,0.007771554637540889,0.7499999999999999
57,produto_57,classe_2,0.1507669035159467,18,0.049999999999999996,0.007538345175797335,0.8999999999999999
58,produto_58,classe_2,0.2114678107602739,45,0.049999999999999996,0.010573390538013695,2.25
59,produto_59,classe_2,0.1304787674165593,21,0.049999999999999996,0.006523938370827965,1.0499999999999998
60,produto_60,classe_2,0.0800869813103662,34,0.049999999999999996,0.00400434906551831,1.7
61,produto_61,classe_2,0.1267842874679971,17,0.049999999999999996,0.006339214373399855,0.85
62,produto_62,classe_2,0.2123552310781404,45,0.049999999999999996,0.010617761553907019,2.25
63,produto_63,classe_2,0.152912921881873,17,0.049999999999999996,0.007645646094093649,0.85
64,produto_64,classe_2,0.2158019806897733,48,0.049999999999999996,0.010790099034488665,2.4
65,produto_65,classe_2,0.1486078964364017,45,0.049999999999999996,0.007430394821820085,2.25
66,produto_66,classe_2,0.1756018662340779,43,0.049999999999999996,0.008780093311703895,2.15
67,produto_67,classe_2,0.109946182707631,44,0.049999999999999996,0.005497309135381549,2.1999999999999997
68,produto_68,classe_2,0.1202655741068988,44,0.049999999999999996,0.006013278705344939,2.1999999999999997
69,produto_69,classe_2,0.1152566188949121,43,0.049999999999999996,0.005762830944745604,2.15
70,produto_70,classe_2,0.1373691288120682,44,0.049999999999999996,0.006868456440603409,2.1999999999999997
71,produto_71,classe_2,0.2093916593423621,44,0.049999999999999996,0.010469582967118104,2.1999999999999997
72,produto_72,classe_2,-0.0013131655491483,31,0.049999999999999996,-6.5658277457415e-05,1.5499999999999998
73,produto_73,classe_2,-0.0697126972151134,44,0.049999999999999996,-0.00348563486075567,2.1999999999999997
74,produto_74,classe_2,0.1272450578061395,44,0.049999999999999996,0.006362252890306975,2.1999999999999997
75,produto_75,classe_2,0.1297087635529973,9,0.049999999999999996,0.006485438177649864,0.44999999999999996
76,produto_76,classe_2,0.1502935458795291,44,0.049999999999999996,0.007514677293976453,2.1999999999999997
77,produto_77,classe_2,0.1155039887650675,3,0.049999999999999996,0.0057751994382533745,0.15
78,produto_78,classe_2,0.1271635951864758,40,0.049999999999999996,0.006358179759323789,1.9999999999999998
79,produto_79,classe_2,0.1396440078906969,66,0.049999999999999996,0.006982200394534844,3.3
80,produto_80,classe_2,0.1350342443261354,35,0.049999999999999996,0.006751712216306769,1.7499999999999998
81,produto_81,classe_2,0.0836482869659884,18,0.049999999999999996,0.0041824143482994194,0.8999999999999999
82,produto_82,classe_2,0.1207816982942111,9,0.049999999999999996,0.006039084914710555,0.44999999999999996
83,produto_83,classe_2,0.0512079554835843,36,0.049999999999999996,0.0025603977741792145,1.7999999999999998
84,produto_84,classe_2,0.123321868469876,10,0.049999999999999996,0.006166093423493799,0.49999999999999994
85,produto_85,classe_2,0.1683107566682892,26,0.049999999999999996,0.00841553783341446,1.2999999999999998
86,produto_86,classe_2,0.1490072227191583,44,0.049999999999999996,0.007450361135957915,2.1999999999999997
87,produto_87,classe_2,0.1805366652766184,48,0.049999999999999996,0.00902683326383092,2.4
88,produto_88,classe_2,0.0259531371226084,46,0.049999999999999996,0.00129765685613042,2.3
89,produto_89,classe_2,0.0408398691758185,67,0.049999999999999996,0.0020419934587909247,3.3499999999999996
90,produto_90,classe_2,-0.0174922911456457,98,0.049999999999999996,-0.000874614557282285,4.8999999999999995
91,produto_91,classe_2,0.0037583745429062,44,0.049999999999999996,0.00018791872714531,2.1999999999999997
92,produto_92,classe_2,0.1828496928709852,46,0.049999999999999996,0.00914248464354926,2.3
93,produto_93,classe_3,0.0767649703185726,19,0.05,0.0038382485159286304,0.9500000000000001
94,produto_94,classe_3,0.0769909860049525,22,0.05,0.003849549300247625,1.1
95,produto_95,classe_3,0.0486362987278155,26,0.05,0.002431814936390775,1.3
96,produto_96,classe_3,0.133631770184416,7,0.05,0.0066815885092208,0.35000000000000003
97,produto_97,classe_3,0.1654635694754616,31,0.05,0.00827317847377308,1.55
98,produto_98,classe_3,0.1299972772843098,18,0.05,0.00649986386421549,0.9
99,produto_99,classe_3,0.1263837722639916,44,0.05,0.006319188613199581,2.2
100,produto_100,classe_3,0.1167861235246019,57,0.05,0.0058393061762300955,2.85
101,produto_101,classe_3,0.048624227241055,26,0.05,0.00243121136205275,1.3
102,produto_102,classe_3,0.1315762693535496,40,0.05,0.00657881346767748,2.0
103,produto_103,classe_3,0.0878793187543768,32,0.05,0.00439396593771884,1.6
104,produto_104,classe_3,0.152497915134112,38,0.05,0.0076248957567056005,1.9000000000000001
105,produto_105,classe_3,0.1522442756196468,34,0.05,0.00761221378098234,1.7000000000000002
106,produto_106,classe_3,0.0763310682980802,43,0.05,0.0038165534149040103,2.15
107,produto_107,classe_3,0.2334470758966133,48,0.05,0.011672353794830665,2.4000000000000004
108,produto_108,classe_4,0.1271257437925515,20,0.1,0.012712574379255152,2.0
109,produto_109,classe_4,0.1473223273054024,16,0.1,0.01473223273054024,1.6
110,produto_110,classe_4,0.1197233358972835,34,0.1,0.011972333589728351,3.4000000000000004
111,produto_111,classe_4,0.1505849444722362,17,0.1,0.01505849444722362,1.7000000000000002
112,produto_112,classe_4,0.176628029171291,39,0.1,0.0176628029171291,3.9000000000000004
113,produto_113,classe_4,0.1499734462387295,45,0.1,0.014997344623872949,4.5
114,produto_114,classe_4,0.1686526716610112,35,0.1,0.01686526716610112,3.5
115,produto_115,classe_4,0.1541297019941609,19,0.1,0.015412970199416091,1.9000000000000001
116,produto_116,classe_4,0.1493758583539903,42,0.1,0.014937585835399031,4.2
117,produto_117,classe_4,0.1496739861509236,45,0.1,0.014967398615092359,4.5
118,produto_118,classe_4,0.1200157663599184,46,0.1,0.01200157663599184,4.6000000000000005
119,produto_119,classe_4,0.1175358924313028,46,0.1,0.011753589243130282,4.6000000000000005
120,produto_120,classe_4,0.1635155395077449,44,0.1,0.016351553950774488,4.4
121,produto_121,classe_4,0.1245150588785462,26,0.1,0.012451505887854621,2.6
122,produto_122,classe_4,0.0119135102313534,31,0.1,0.0011913510231353402,3.1
123,produto_123,classe_4,0.2385217260591825,31,0.1,0.02385217260591825,3.1
124,produto_124,classe_4,0.1293233362538555,40,0.1,0.012932333625385551,4.0
125,produto_125,classe_4,0.188152826235178,56,0.1,0.018815282623517803,5.6000000000000005
126,produto_126,classe_4,0.1208307370398757,44,0.1,0.01208307370398757,4.4
127,produto_127,classe_4,0.0959904335309701,43,0.1,0.009599043353097012,4.3
128,produto_128,classe_4,0.2334834935032714,44,0.1,0.023348349350327143,4.4
129,produto_129,classe_4,0.1546187127594784,32,0.1,0.01546187127594784,3.2
130,produto_130,classe_4,0.1974531400523361,44,0.1,0.019745314005233612,4.4
131,produto_131,classe_4,0.1609348791681679,46,0.1,0.01609348791681679,4.6000000000000005
132,produto_132,classe_4,-0.1415704931718227,39,0.1,-0.01415704931718227,3.9000000000000004
133,produto_133,classe_4,-0.0663881781223385,45,0.1,-0.006638817812233851,4.5
134,produto_134,classe_4,0.1717641508083573,43,0.1,0.01717641508083573,4.3
135,produto_135,classe_4,0.149151354751306,44,0.1,0.014915135475130601,4.4
136,produto_136,classe_4,0.080909112022959,67,0.1,0.0080909112022959,6.7
137,produto_137,classe_4,0.1863561001879868,43,0.1,0.018635610018798678,4.3
138,produto_138,classe_4,0.2082226217734032,54,0.1,0.02082226217734032,5.4
139,produto_139,classe_4,0.1370491877126632,44,0.1,0.01370491877126632,4.4
140,produto_140,classe_4,-0.1100754504230605,64,0.1,-0.01100754504230605,6.4
141,produto_141,classe_4,0.1497080125341041,46,0.1,0.01497080125341041,4.6000000000000005
142,produto_142,classe_4,0.0596479469151444,52,0.1,0.00596479469151444,5.2
143,produto_143,classe_4,-0.0444024729867137,43,0.1,-0.00444024729867137,4.3
144,produto_144,classe_4,0.125790934753023,73,0.1,0.0125790934753023,7.300000000000001
145,produto_145,classe_4,0.0871465110837973,51,0.1,0.008714651108379731,5.1000000000000005
146,produto_146,classe_4,0.1343554777076828,43,0.1,0.013435547770768282,4.3
147,produto_147,classe_4,0.0678394190443607,43,0.1,0.006783941904436069,4.3
148,produto_148,classe_4,0.1465502185608958,42,0.1,0.014655021856089582,4.2
149,produto_149,classe_4,0.1453969439636944,48,0.1,0.014539694396369441,4.800000000000001
150,produto_150,classe_4,0.1111210101573624,43,0.1,0.01111210101573624,4.3
151,produto_151,classe_4,0.0930537213262727,47,0.1,0.00930537213262727,4.7
152,produto_152,classe_4,0.186050419966248,40,0.1,0.0186050419966248,4.0
153,produto_153,classe_4,0.1183387170224906,6,0.1,0.01183387170224906,0.6000000000000001
154,produto_154,classe_4,0.1146094856041267,45,0.1,0.011460948560412671,4.5
155,produto_155,classe_4,0.1392995283528815,57,0.1,0.013929952835288152,5.7
156,produto_156,classe_4,-0.0396411648971439,80,0.1,-0.00396411648971439,8.0
157,produto_157,classe_4,0.1577831811428611,35,0.1,0.01577831811428611,3.5
158,produto_158,classe_4,0.0407608663560045,35,0.1,0.00407608663560045,3.5
159,produto_159,classe_4,0.1442068583499619,17,0.1,0.01442068583499619,1.7000000000000002
160,produto_160,classe_4,0.0580552079853394,24,0.1,0.00580552079853394,2.4000000000000004
161,produto_161,classe_4,0.0832932669919889,16,0.1,0.00832932669919889,1.6
162,produto_162,classe_4,0.1785592930823165,37,0.1,0.01785592930823165,3.7
163,produto_163,classe_4,0.0941419014324459,22,0.1,0.009414190143244591,2.2
164,produto_164,classe_4,0.0705829221664531,16,0.1,0.00705829221664531,1.6
165,produto_165,classe_4,0.1920200066692925,46,0.1,0.01920200066692925,4.6000000000000005
166,produto_166,classe_4,0.1449476953529231,27,0.1,0.01449476953529231,2.7
167,produto_167,classe_4,0.1623620822469849,31,0.1,0.01623620822469849,3.1
168,produto_168,classe_4,0.1053290009040178,32,0.1,0.010532900090401781,3.2
169,produto_169,classe_4,0.1205181487283668,32,0.1,0.01205181487283668,3.2
170,produto_170,classe_4,0.1315549277195613,16,0.1,0.013155492771956129,1.6
171,produto_171,classe_4,0.1047099146673986,51,0.1,0.010470991466739861,5.1000000000000005
172,produto_172,classe_4,0.073952689347544,30,0.1,0.0073952689347544,3.0
173,produto_173,classe_4,0.0189070328186677,34,0.1,0.00189070328186677,3.4000000000000004
174,produto_174,classe_4,0.2328849927340632,19,0.1,0.023288499273406323,1.9000000000000001
175,produto_175,classe_4,0.0881991362692135,56,0.1,0.00881991362692135,5.6000000000000005
176,produto_176,classe_4,0.09775411162263,32,0.1,0.009775411162263,3.2
177,produto_177,classe_4,0.1411141977868591,17,0.1,0.014111419778685911,1.7000000000000002
178,produto_178,classe_4,0.1943725395915543,44,0.1,0.01943725395915543,4.4
179,produto_179,classe_4,0.1861140878981438,40,0.1,0.01861140878981438,4.0
180,produto_180,classe_4,0.1257086315971384,56,0.1,0.012570863159713841,5.6000000000000005
181,produto_181,classe_4,0.0720141600569781,29,0.1,0.00720141600569781,2.9000000000000004
182,produto_182,classe_4,0.2605907341385503,78,0.1,0.02605907341385503,7.800000000000001
183,produto_183,classe_4,0.2111894391488176,45,0.1,0.021118943914881762,4.5
184,produto_184,classe_5,0.2048074680094627,49,0.0125,0.002560093350118284,0.6125
185,produto_185,classe_5,0.2045291739501925,49,0.0125,0.0025566146743774064,0.6125
186,produto_186,classe_5,0.2064465161327595,49,0.0125,0.002580581451659494,0.6125
187,produto_187,classe_5,0.192775991567617,43,0.0125,0.0024096998945952125,0.5375
188,produto_188,classe_5,0.2028553524866996,47,0.0125,0.0025356919060837454,0.5875
189,produto_189,classe_5,0.3040804322601821,145,0.0125,0.0038010054032522767,1.8125
190,produto_190,classe_5,0.0771133180182954,13,0.0125,0.0009639164752286924,0.1625
191,produto_191,classe_5,0.1007979328277198,34,0.0125,0.0012599741603464977,0.42500000000000004
192,produto_192,classe_5,0.0726382140980108,14,0.0125,0.000907977676225135,0.17500000000000002
193,produto_193,classe_5,0.1219135031204124,28,0.0125,0.001523918789005155,0.35000000000000003
194,produto_194,classe_5,0.0734187945513822,45,0.0125,0.0009177349318922776,0.5625
195,produto_195,classe_5,0.1054932717207018,8,0.0125,0.0013186658965087727,0.1
196,produto_196,classe_5,0.0829464564443376,23,0.0125,0.00103683070555422,0.28750000000000003
197,produto_197,classe_5,0.1067347714378394,8,0.0125,0.0013341846429729925,0.1
198,produto_198,classe_5,0.1162278352126731,37,0.0125,0.001452847940158414,0.4625
199,produto_199,classe_5,0.102738512403459,36,0.0125,0.0012842314050432377,0.45
200,produto_200,classe_5,0.1225230263474882,8,0.0125,0.0015315378293436026,0.1
201,produto_201,classe_5,0.148889338999566,37,0.0125,0.001861116737494575,0.4625
202,produto_202,classe_5,0.1916240674013394,29,0.0125,0.0023953008425167425,0.36250000000000004
203,produto_203,classe_5,0.0367704431082688,34,0.0125,0.00045963053885336,0.42500000000000004
204,produto_204,classe_5,0.1625189485240096,14,0.0125,0.00203148685655012,0.17500000000000002
205,produto_205,classe_5,0.0850252003617073,27,0.0125,0.0010628150045213414,0.3375
206,produto_206,classe_5,0.1065459644182897,31,0.0125,0.0013318245552286214,0.3875
207,produto_207,classe_5,0.1350419228935435,32,0.0125,0.001688024036169294,0.4
208,produto_208,classe_5,0.1961302453715772,31,0.0125,0.002451628067144715,0.3875
209,produto_209,classe_5,0.103057673506877,37,0.0125,0.0012882209188359627,0.4625
210,produto_210,classe_5,0.3041513292264837,151,0.0125,0.0038018916153310465,1.8875000000000002
211,produto_211,classe_5,0.1061032594413406,28,0.0125,0.0013262907430167574,0.35000000000000003
212,produto_212,classe_5,0.0106067612890381,65,0.0125,0.00013258451611297627,0.8125
213,produto_213,classe_5,-0.0553925513129161,32,0.0125,-0.0006924068914114513,0.4
214,produto_214,classe_5,0.0849834854134921,25,0.0125,0.0010622935676686512,0.3125
215,produto_215,classe_5,0.1717138721686713,72,0.0125,0.002146423402108391,0.9
216,produto_216,classe_5,0.1446600238232784,43,0.0125,0.00180825029779098,0.5375
217,produto_217,classe_5,0.1546605717964704,51,0.0125,0.0019332571474558798,0.6375000000000001
218,produto_218,classe_5,0.1215321938933119,44,0.0125,0.0015191524236663988,0.55
219,produto_219,classe_5,0.2056903404021965,50,0.0125,0.0025711292550274563,0.625
220,produto_220,classe_5,0.0052129096402645,36,0.0125,6.516137050330625e-05,0.45
221,produto_221,classe_5,-0.0150487685410133,35,0.0125,-0.00018810960676266626,0.4375
222,produto_222,classe_5,0.1158818210045339,28,0.0125,0.0014485227625566739,0.35000000000000003
223,produto_223,classe_5,0.1065447168561684,52,0.0125,0.001331808960702105,0.65
224,produto_224,classe_5,0.1352907479604641,13,0.0125,0.0016911343495058012,0.1625
225,produto_225,classe_5,0.0702954215852866,32,0.0125,0.0008786927698160824,0.4
226,produto_226,classe_5,0.0972832253131981,35,0.0125,0.0012160403164149763,0.4375
227,produto_227,classe_5,0.1617974673680847,52,0.0125,0.0020224683421010588,0.65
228,produto_228,classe_5,0.0527739064876879,32,0.0125,0.0006596738310960988,0.4
229,produto_229,classe_5,0.1364483501547243,54,0.0125,0.001705604376934054,0.675
230,produto_230,classe_5,0.1072767371975615,28,0.0125,0.0013409592149695188,0.35000000000000003
231,produto_231,classe_5,0.1378195568580307,58,0.0125,0.001722744460725384,0.7250000000000001
232,produto_232,classe_5,0.1350719958735466,32,0.0125,0.0016883999484193326,0.4
233,produto_233,classe_5,0.1114192813004572,11,0.0125,0.001392741016255715,0.1375
234,produto_234,classe_5,0.1475278444273622,13,0.0125,0.0018440980553420276,0.1625
235,produto_235,classe_5,0.0873818813556173,31,0.0125,0.0010922735169452162,0.3875
236,produto_236,classe_5,0.0340621800037982,31,0.0125,0.00042577725004747753,0.3875
237,produto_237,classe_5,0.1314247502603205,23,0.0125,0.0016428093782540063,0.28750000000000003
238,produto_238,classe_5,0.1513058505034703,15,0.0125,0.001891323131293379,0.1875
239,produto_239,classe_5,0.1161365243187626,23,0.0125,0.0014517065539845326,0.28750000000000003
240,produto_240,classe_5,0.1015023493843531,36,0.0125,0.0012687793673044137,0.45
241,produto_241,classe_5,0.0589987605344171,17,0.0125,0.0007374845066802138,0.21250000000000002
242,produto_242,classe_5,0.1326938473159447,25,0.0125,0.0016586730914493087,0.3125
243,produto_243,classe_5,0.1209356587678366,9,0.0125,0.0015116957345979575,0.1125
244,produto_244,classe_5,0.1966091502608566,44,0.0125,0.002457614378260708,0.55
245,produto_245,classe_5,0.2615241685631145,78,0.0125,0.0032690521070389313,0.9750000000000001
246,produto_246,classe_5,0.2430021946465616,68,0.0125,0.00303752743308202,0.8500000000000001
247,produto_247,classe_5,0.2617293550070086,79,0.0125,0.003271616937587608,0.9875
248,produto_248,classe_5,0.0918411494866041,22,0.0125,0.0011480143685825514,0.275
249,produto_249,classe_5,0.0819393252454765,35,0.0125,0.0010242415655684562,0.4375
250,produto_250,classe_5,0.0791505183563288,26,0.0125,0.00098938147945411,0.325
251,produto_251,classe_5,0.135997934983621,34,0.0125,0.0016999741872952626,0.42500000000000004
252,produto_252,classe_5,0.1452755035664554,23,0.0125,0.0018159437945806927,0.28750000000000003
253,produto_253,classe_5,0.1323802223996078,12,0.0125,0.0016547527799950978,0.15000000000000002
254,produto_254,classe_5,0.079783266333799,35,0.0125,0.0009972908291724875,0.4375
255,produto_255,classe_5,0.1686112255118965,22,0.0125,0.0021076403188987065,0.275
256,produto_256,classe_5,0.2199849946856027,56,0.0125,0.002749812433570034,0.7000000000000001
257,produto_257,classe_5,0.2019868067723104,46,0.0125,0.0025248350846538803,0.5750000000000001
258,produto_258,classe_5,0.2612260540341714,78,0.0125,0.0032653256754271425,0.9750000000000001
259,produto_259,classe_5,0.2349170718991245,64,0.0125,0.0029364633987390564,0.8
260,produto_260,classe_5,0.2036317336813911,47,0.0125,0.002545396671017389,0.5875
261,produto_261,classe_6,0.1938382629602433,42,0.05,0.009691913148012167,2.1
262,produto_262,classe_6,0.1969746476951646,44,0.05,0.009848732384758231,2.2
263,produto_263,classe_6,0.2150333878587221,54,0.05,0.010751669392936106,2.7
264,produto_264,classe_6,0.1982614069998346,45,0.05,0.009913070349991731,2.25
265,produto_265,classe_6,0.1280167689590814,28,0.05,0.00640083844795407,1.4000000000000001
266,produto_266,classe_6,0.1306481597405064,28,0.05,0.00653240798702532,1.4000000000000001
267,produto_267,classe_6,0.0527821872258669,50,0.05,0.0026391093612933452,2.5
268,produto_268,classe_6,0.1274644971981071,43,0.05,0.0063732248599053555,2.15
269,produto_269,classe_6,0.3032076340320869,159,0.05,0.015160381701604345,7.95
270,produto_270,classe_6,0.1533375383631336,18,0.05,0.0076668769181566804,0.9
271,produto_271,classe_6,0.2120613392004051,45,0.05,0.010603066960020256,2.25
272,produto_272,classe_6,0.1445344023407803,32,0.05,0.0072267201170390155,1.6
273,produto_273,classe_6,0.0963147401471651,14,0.05,0.004815737007358255,0.7000000000000001
274,produto_274,classe_6,0.0991920613367782,25,0.05,0.00495960306683891,1.25
275,produto_275,classe_6,0.212119229621318,45,0.05,0.0106059614810659,2.25
276,produto_276,classe_6,0.1247519466017968,26,0.05,0.00623759733008984,1.3
277,produto_277,classe_6,0.1182757716164915,4,0.05,0.005913788580824576,0.2
278,produto_278,classe_6,0.1388995672591881,10,0.05,0.006944978362959405,0.5
279,produto_279,classe_6,0.1729705511999215,58,0.05,0.008648527559996075,2.9000000000000004
280,produto_280,classe_6,0.2034489122234005,42,0.05,0.010172445611170026,2.1
281,produto_281,classe_6,0.1492998679319404,29,0.05,0.00746499339659702,1.4500000000000002
282,produto_282,classe_6,0.1333786179067306,9,0.05,0.006668930895336531,0.45
283,produto_283,classe_6,0.2352865627554132,70,0.05,0.01176432813777066,3.5
284,produto_284,classe_6,0.1323324852251938,14,0.05,0.006616624261259691,0.7000000000000001
285,produto_285,classe_6,0.1980124378205437,44,0.05,0.009900621891027186,2.2
286,produto_286,classe_6,0.0532872448550122,28,0.05,0.00266436224275061,1.4000000000000001
287,produto_287,classe_6,-0.0831334604998146,50,0.05,-0.0041566730249907305,2.5
288,produto_288,classe_6,-0.0746016182737546,35,0.05,-0.00373008091368773,1.75
289,produto_289,classe_6,-0.0635638405169275,30,0.05,-0.003178192025846375,1.5
290,produto_290,classe_6,0.0183567990928847,31,0.05,0.000917839954644235,1.55
291,produto_291,classe_6,0.1513874406015962,44,0.05,0.007569372030079811,2.2
292,produto_292,classe_6,-0.0194298043667734,56,0.05,-0.0009714902183386699,2.8000000000000003
293,produto_293,classe_6,0.1314419757254303,43,0.05,0.006572098786271515,2.15
294,produto_294,classe_6,0.2197423359117042,56,0.05,0.01098711679558521,2.8000000000000003
295,produto_295,classe_6,-0.1474875725587587,56,0.05,-0.007374378627937935,2.8000000000000003
296,produto_296,classe_6,0.1754260211530552,57,0.05,0.00877130105765276,2.85
297,produto_297,classe_6,0.1412720412600325,45,0.05,0.007063602063001626,2.25
298,produto_298,classe_6,0.0061737577448263,46,0.05,0.000308687887241315,2.3000000000000003
299,produto_299,classe_6,0.0144217947663008,47,0.05,0.00072108973831504,2.35
300,produto_300,classe_6,0.1715850326429872,46,0.05,0.00857925163214936,2.3000000000000003
301,produto_301,classe_6,-0.1473123291608041,62,0.05,-0.007365616458040206,3.1
302,produto_302,classe_6,0.080184774434409,32,0.05,0.00400923872172045,1.6
303,produto_303,classe_6,0.1107517202708346,46,0.05,0.005537586013541731,2.3000000000000003
304,produto_304,classe_6,0.1402623744139005,46,0.05,0.007013118720695025,2.3000000000000003
305,produto_305,classe_6,0.0910899324465369,45,0.05,0.004554496622326845,2.25
306,produto_306,classe_6,0.1538186225082135,43,0.05,0.007690931125410675,2.15
307,produto_307,classe_6,0.1521389033522391,17,0.05,0.007606945167611955,0.8500000000000001
308,produto_308,classe_6,0.1404404566806495,44,0.05,0.007022022834032475,2.2
309,produto_309,classe_6,0.1616508569761002,43,0.05,0.00808254284880501,2.15
310,produto_310,classe_6,0.2077331725260238,44,0.05,0.010386658626301191,2.2
311,produto_311,classe_6,0.1212552684650722,51,0.05,0.006062763423253611,2.5500000000000003
312,produto_312,classe_6,0.1388541076401629,44,0.05,0.006942705382008145,2.2
313,produto_313,classe_6,-0.0343727563344828,62,0.05,-0.00171863781672414,3.1
314,produto_314,classe_6,0.1275336839157021,21,0.05,0.006376684195785106,1.05
315,produto_315,classe_6,-0.1503647605433812,43,0.05,-0.0075182380271690595,2.15
316,produto_316,classe_6,0.146354651859974,44,0.05,0.007317732592998701,2.2
317,produto_317,classe_6,0.1137418978706959,32,0.05,0.005687094893534795,1.6
318,produto_318,classe_6,0.1999077815819014,43,0.05,0.009995389079095071,2.15
319,produto_319,classe_6,0.0973265957864095,31,0.05,0.004866329789320475,1.55
320,produto_320,classe_6,-0.0899935043860925,32,0.05,-0.004499675219304625,1.6
321,produto_321,classe_6,-0.0121551796931845,46,0.05,-0.000607758984659225,2.3000000000000003
322,produto_322,classe_6,0.0906694349993609,46,0.05,0.004533471749968046,2.3000000000000003
323,produto_323,classe_6,0.0805413019119622,32,0.05,0.00402706509559811,1.6
324,produto_324,classe_6,-0.0928822562737768,56,0.05,-0.00464411281368884,2.8000000000000003
325,produto_325,classe_6,0.0808855280085966,45,0.05,0.00404427640042983,2.25
326,produto_326,classe_6,0.0806626857446545,32,0.05,0.004033134287232725,1.6
327,produto_327,classe_6,0.1526254722868124,31,0.05,0.00763127361434062,1.55
328,produto_328,classe_6,0.0236143057242185,31,0.05,0.0011807152862109251,1.55
329,produto_329,classe_6,0.1460897671641918,45,0.05,0.007304488358209591,2.25
330,produto_330,classe_6,0.1507199613915512,44,0.05,0.00753599806957756,2.2
331,produto_331,classe_6,-0.1078091596732233,44,0.05,-0.005390457983661165,2.2
332,produto_332,classe_6,0.1860031679120528,44,0.05,0.00930015839560264,2.2
333,produto_333,classe_6,0.2165838396323988,31,0.05,0.01082919198161994,1.55
334,produto_334,classe_6,0.1694010527120907,26,0.05,0.008470052635604535,1.3
335,produto_335,classe_6,0.105686489649557,31,0.05,0.00528432448247785,1.55
336,produto_336,classe_6,0.169311343660625,44,0.05,0.00846556718303125,2.2
337,produto_337,classe_6,0.3151063413617514,56,0.05,0.01575531706808757,2.8000000000000003
338,produto_338,classe_6,0.137665201180845,57,0.05,0.00688326005904225,2.85
339,produto_339,classe_6,0.1279621753727339,58,0.05,0.0063981087686366955,2.9000000000000004
340,produto_340,classe_6,0.1059281623017521,31,0.05,0.005296408115087605,1.55
341,produto_341,classe_6,0.2057946386828521,44,0.05,0.010289731934142607,2.2
342,produto_342,classe_6,0.0997646266363665,31,0.05,0.0049882313318183255,1.55
343,produto_343,classe_6,0.1100498854131667,29,0.05,0.005502494270658335,1.4500000000000002
344,produto_344,classe_6,0.1160238260736211,24,0.05,0.005801191303681056,1.2000000000000002
345,produto_345,classe_6,0.0990857480235273,32,0.05,0.0049542874011763655,1.6
346,produto_346,classe_6,-0.0408994174454924,147,0.05,-0.0020449708722746203,7.3500000000000005
347,produto_347,classe_6,-0.0853727511151271,31,0.05,-0.0042686375557563555,1.55
348,produto_348,classe_6,0.0938917660395895,31,0.05,0.004694588301979476,1.55
349,produto_349,classe_6,0.0988912707428185,31,0.05,0.004944563537140925,1.55
350,produto_350,classe_6,0.2910656215648201,44,0.05,0.014553281078241005,2.2
351,produto_351,classe_6,0.2287819442603577,44,0.05,0.011439097213017885,2.2
352,produto_352,classe_6,-0.0838983399699107,31,0.05,-0.004194916998495535,1.55
353,produto_353,classe_6,0.0963122607267934,29,0.05,0.004815613036339671,1.4500000000000002
354,produto_354,classe_6,0.1118079387717152,46,0.05,0.00559039693858576,2.3000000000000003
355,produto_355,classe_6,0.1147276326370646,47,0.05,0.005736381631853231,2.35
356,produto_356,classe_6,0.0368794624302877,45,0.05,0.0018439731215143852,2.25
357,produto_357,classe_6,0.2622377865637896,56,0.05,0.01311188932818948,2.8000000000000003
358,produto_358,classe_6,0.1372130963388715,46,0.05,0.006860654816943575,2.3000000000000003
359,produto_359,classe_6,0.1037738870995421,31,0.05,0.005188694354977106,1.55
360,produto_360,classe_6,0.1186867650578706,34,0.05,0.00593433825289353,1.7000000000000002
361,produto_361,classe_6,0.090167746802419,31,0.05,0.0045083873401209505,1.55
362,produto_362,classe_6,0.1283735222567153,29,0.05,0.006418676112835766,1.4500000000000002
363,produto_363,classe_6,0.1137820085052218,16,0.05,0.00568910042526109,0.8
364,produto_364,classe_6,0.1096360787416553,39,0.05,0.005481803937082766,1.9500000000000002
365,produto_365,classe_6,0.1224396000900674,30,0.05,0.00612198000450337,1.5
366,produto_366,classe_6,0.0803562876995047,35,0.05,0.0040178143849752355,1.75
367,produto_367,classe_6,0.1522663191433597,32,0.05,0.007613315957167985,1.6
368,produto_368,classe_6,0.0130835064918543,147,0.05,0.000654175324592715,7.3500000000000005
369,produto_369,classe_6,-0.1321228478207315,46,0.05,-0.006606142391036575,2.3000000000000003
370,produto_370,classe_6,0.0919549798749742,46,0.05,0.00459774899374871,2.3000000000000003
371,produto_371,classe_6,0.1827268529215348,43,0.05,0.00913634264607674,2.15
372,produto_372,classe_6,0.0719399346016734,31,0.05,0.0035969967300836705,1.55
373,produto_373,classe_6,0.1455179363984445,32,0.05,0.007275896819922224,1.6
374,produto_374,classe_6,0.1070938170517679,31,0.05,0.005354690852588395,1.55
375,produto_375,classe_6,0.0985152219753235,45,0.05,0.004925761098766176,2.25
376,produto_376,classe_6,0.1226247806975842,39,0.05,0.006131239034879211,1.9500000000000002
377,produto_377,classe_6,0.1443805976054871,46,0.05,0.007219029880274355,2.3000000000000003
378,produto_378,classe_6,0.3698310789320953,46,0.05,0.018491553946604768,2.3000000000000003
379,produto_379,classe_6,0.1896541449294845,28,0.05,0.009482707246474226,1.4000000000000001
380,produto_380,classe_6,0.0742435716828346,36,0.05,0.0037121785841417302,1.8
381,produto_381,classe_6,0.1180482257060377,65,0.05,0.005902411285301885,3.25
382,produto_382,classe_6,0.1389458869730344,69,0.05,0.00694729434865172,3.45
383,produto_383,classe_6,0.176219105113254,35,0.05,0.0088109552556627,1.75
384,produto_384,classe_6,0.2020188982280001,46,0.05,0.010100944911400005,2.3000000000000003
385,produto_385,classe_6,0.1579949259362244,34,0.05,0.00789974629681122,1.7000000000000002
386,produto_386,classe_6,0.1382887437106235,32,0.05,0.006914437185531175,1.6
387,produto_387,classe_6,0.201771268127008,28,0.05,0.0100885634063504,1.4000000000000001
388,produto_388,classe_6,0.1186856515234144,32,0.05,0.0059342825761707204,1.6
389,produto_389,classe_6,0.1113497982883452,31,0.05,0.00556748991441726,1.55
390,produto_390,classe_6,0.1178360003476696,34,0.05,0.00589180001738348,1.7000000000000002
391,produto_391,classe_6,0.1741910018417356,46,0.05,0.00870955009208678,2.3000000000000003
392,produto_392,classe_6,0.1226681551152074,34,0.05,0.0061334077557603705,1.7000000000000002
393,produto_393,classe_6,0.114371071984738,36,0.05,0.005718553599236901,1.8
394,produto_394,classe_6,0.1379041032238073,34,0.05,0.0068952051611903655,1.7000000000000002
395,produto_395,classe_6,0.2220575414389454,51,0.05,0.011102877071947272,2.5500000000000003
396,produto_396,classe_6,0.3034840260311366,120,0.05,0.015174201301556832,6.0
397,produto_397,classe_6,0.3038270121438559,150,0.05,0.015191350607192795,7.5
398,produto_398,classe_6,0.3034286770101191,120,0.05,0.015171433850505955,6.0
399,produto_399,classe_6,0.2054877884249291,49,0.05,0.010274389421246456,2.45
400,produto_400,classe_6,0.1998193784250355,45,0.05,0.009990968921251776,2.25
401,produto_401,classe_6,0.1974173897945994,45,0.05,0.009870869489729971,2.25
402,produto_402,classe_6,0.1969332480038633,45,0.05,0.009846662400193166,2.25
403,produto_403,classe_6,0.1141075904960909,34,0.05,0.005705379524804545,1.7000000000000002
404,produto_404,classe_6,0.1150478486248362,2,0.05,0.005752392431241811,0.1
405,produto_405,classe_6,0.1371921418649136,41,0.05,0.0068596070932456805,2.0500000000000003
406,produto_406,classe_7,0.0635498392375495,55,0.025,0.0015887459809387377,1.375
407,produto_407,classe_7,0.1141193893932393,43,0.025,0.0028529847348309828,1.075
408,produto_408,classe_7,0.1338798837613066,16,0.025,0.0033469970940326653,0.4
409,produto_409,classe_7,0.1367488404468618,27,0.025,0.0034187210111715455,0.675
410,produto_410,classe_7,-0.0067211061785431,50,0.025,-0.0001680276544635775,1.25
411,produto_411,classe_7,-0.0234955880245269,80,0.025,-0.0005873897006131725,2.0
412,produto_412,classe_7,0.0870241095216311,31,0.025,0.002175602738040778,0.775
413,produto_413,classe_7,0.2174336184110956,32,0.025,0.00543584046027739,0.8
414,produto_414,classe_7,0.1848131361934494,36,0.025,0.004620328404836236,0.9
415,produto_415,classe_8,0.2060010763375628,49,0.1,0.02060010763375628,4.9
416,produto_416,classe_8,0.0726171118839273,40,0.1,0.007261711188392731,4.0
417,produto_417,classe_8,0.204549207550093,48,0.1,0.020454920755009303,4.800000000000001
418,produto_418,classe_8,0.2053918407747051,49,0.1,0.02053918407747051,4.9
419,produto_419,classe_8,0.253851726966208,74,0.1,0.0253851726966208,7.4
420,produto_420,classe_8,0.3036894910374614,151,0.1,0.030368949103746143,15.100000000000001
421,produto_421,classe_8,0.1432982912497858,32,0.1,0.01432982912497858,3.2
422,produto_422,classe_8,0.130728435737541,46,0.1,0.0130728435737541,4.6000000000000005
423,produto_423,classe_8,0.2855567484331495,48,0.1,0.02855567484331495,4.800000000000001
424,produto_424,classe_8,0.1122356776625352,24,0.1,0.011223567766253521,2.4000000000000004
425,produto_425,classe_8,0.1266257803723029,18,0.1,0.01266257803723029,1.8
426,produto_426,classe_8,0.1030694783097419,27,0.1,0.01030694783097419,2.7
427,produto_427,classe_8,0.1045835774449563,21,0.1,0.010458357744495632,2.1
428,produto_428,classe_8,0.116480134830731,6,0.1,0.011648013483073101,0.6000000000000001
429,produto_429,classe_8,0.2047776083412757,49,0.1,0.02047776083412757,4.9
430,produto_430,classe_8,0.1161508330079141,5,0.1,0.011615083300791411,0.5
431,produto_431,classe_8,0.1174044676580455,5,0.1,0.011740446765804552,0.5
432,produto_432,classe_8,0.1564927278488658,46,0.1,0.01564927278488658,4.6000000000000005
433,produto_433,classe_8,0.2050042617344097,48,0.1,0.020500426173440972,4.800000000000001
434,produto_434,classe_8,0.2056637145777241,49,0.1,0.02056637145777241,4.9
435,produto_435,classe_8,0.2046045100293066,48,0.1,0.02046045100293066,4.800000000000001
436,produto_436,classe_8,0.0780431922190213,17,0.1,0.00780431922190213,1.7000000000000002
437,produto_437,classe_8,0.090737883438099,5,0.1,0.009073788343809902,0.5
438,produto_438,classe_8,0.2175662316581841,56,0.1,0.02175662316581841,5.6000000000000005
439,produto_439,classe_8,0.1295782293388339,11,0.1,0.01295782293388339,1.1
440,produto_440,classe_8,0.3029720837194383,145,0.1,0.03029720837194383,14.5
441,produto_441,classe_8,0.127783232291763,4,0.1,0.0127783232291763,0.4
442,produto_442,classe_8,0.1292489002067781,13,0.1,0.01292489002067781,1.3
443,produto_443,classe_8,0.19909448714046,46,0.1,0.019909448714046,4.6000000000000005
444,produto_444,classe_8,0.1026530577750233,9,0.1,0.01026530577750233,0.9
445,produto_445,classe_8,0.0720298910595343,3,0.1,0.007202989105953431,0.30000000000000004
446,produto_446,classe_8,0.1336316944144028,10,0.1,0.013363169441440281,1.0
447,produto_447,classe_8,0.1926893673522505,42,0.1,0.01926893673522505,4.2
448,produto_448,classe_8,0.1880111209716947,40,0.1,0.018801112097169472,4.0
449,produto_449,classe_8,0.2002547560036242,45,0.1,0.02002547560036242,4.5
450,produto_450,classe_8,0.1213097446982364,10,0.1,0.012130974469823641,1.0
451,produto_451,classe_8,0.2119197709816773,53,0.1,0.02119197709816773,5.300000000000001
452,produto_452,classe_8,0.1128216282917285,2,0.1,0.01128216282917285,0.2
453,produto_453,classe_8,0.1170472102153483,7,0.1,0.01170472102153483,0.7000000000000001
454,produto_454,classe_8,0.0434004020792712,48,0.1,0.00434004020792712,4.800000000000001
455,produto_455,classe_8,0.118226036576637,3,0.1,0.0118226036576637,0.30000000000000004
456,produto_456,classe_8,0.1200058508494932,7,0.1,0.01200058508494932,0.7000000000000001
457,produto_457,classe_8,0.1412051317726814,29,0.1,0.01412051317726814,2.9000000000000004
458,produto_458,classe_8,0.1206360775523618,10,0.1,0.012063607755236181,1.0
459,produto_459,classe_8,0.1186099196801696,7,0.1,0.01186099196801696,0.7000000000000001
460,produto_460,classe_8,0.1269257195663448,14,0.1,0.01269257195663448,1.4000000000000001
461,produto_461,classe_8,0.1377456940040747,19,0.1,0.01377456940040747,1.9000000000000001
462,produto_462,classe_8,-0.0509730690930843,48,0.1,-0.00509730690930843,4.800000000000001
463,produto_463,classe_8,0.028670575421559,32,0.1,0.0028670575421559,3.2
464,produto_464,classe_8,0.1165885582072785,37,0.1,0.01165885582072785,3.7
465,produto_465,classe_8,0.1315707809541473,27,0.1,0.013157078095414729,2.7
466,produto_466,classe_8,0.1707366130084395,36,0.1,0.01707366130084395,3.6
467,produto_467,classe_8,0.0689422573284336,35,0.1,0.006894225732843361,3.5
468,produto_468,classe_8,0.105485846312305,27,0.1,0.0105485846312305,2.7
469,produto_469,classe_8,0.1209988503874908,8,0.1,0.01209988503874908,0.8
470,produto_470,classe_8,0.1161320788480761,32,0.1,0.01161320788480761,3.2
471,produto_471,classe_8,0.0591495024704344,32,0.1,0.00591495024704344,3.2
472,produto_472,classe_8,0.1234697479628695,22,0.1,0.01234697479628695,2.2
473,produto_473,classe_8,0.1232746227171028,7,0.1,0.01232746227171028,0.7000000000000001
474,produto_474,classe_8,0.201026237956739,32,0.1,0.020102623795673902,3.2
475,produto_475,classe_8,0.1912714458183927,42,0.1,0.01912714458183927,4.2
476,produto_476,classe_8,0.1029701255248326,10,0.1,0.010297012552483262,1.0
477,produto_477,classe_8,0.1139693671512076,6,0.1,0.011396936715120761,0.6000000000000001
478,produto_478,classe_8,0.1274672488021069,31,0.1,0.01274672488021069,3.1
479,produto_479,classe_8,0.1173525394003126,2,0.1,0.01173525394003126,0.2
480,produto_480,classe_8,0.1308859221082486,8,0.1,0.01308859221082486,0.8
481,produto_481,classe_8,0.1291794647342229,9,0.1,0.01291794647342229,0.9
482,produto_482,classe_8,0.1125751792255501,22,0.1,0.011257517922555011,2.2
483,produto_483,classe_8,0.1332701058198863,9,0.1,0.013327010581988631,0.9
484,produto_484,classe_8,0.1283439187775043,25,0.1,0.012834391877750432,2.5
485,produto_485,classe_8,0.1307578081075458,33,0.1,0.013075780810754582,3.3000000000000003
486,produto_486,classe_8,0.0083824172258286,37,0.1,0.0008382417225828601,3.7
487,produto_487,classe_8,0.1410763025726154,27,0.1,0.01410763025726154,2.7
488,produto_488,classe_8,0.1280473790477733,35,0.1,0.012804737904777331,3.5
489,produto_489,classe_8,0.1130199833477322,2,0.1,0.01130199833477322,0.2
490,produto_490,classe_8,0.1053350219534946,29,0.1,0.01053350219534946,2.9000000000000004
491,produto_491,classe_8,-0.0348066067376494,29,0.1,-0.0034806606737649397,2.9000000000000004
492,produto_492,classe_8,0.0927187256028707,31,0.1,0.00927187256028707,3.1
493,produto_493,classe_8,0.0019274922034022,28,0.1,0.00019274922034022,2.8000000000000003
494,produto_494,classe_8,0.1503436587292132,22,0.1,0.015034365872921321,2.2
495,produto_495,classe_8,0.1094753231175518,35,0.1,0.01094753231175518,3.5
496,produto_496,classe_8,-0.0317377267296133,63,0.1,-0.0031737726729613304,6.300000000000001
497,produto_497,classe_8,0.1064822737672132,37,0.1,0.01064822737672132,3.7
498,produto_498,classe_8,0.118831018239695,12,0.1,0.0118831018239695,1.2000000000000002
499,produto_499,classe_8,0.1176386175913657,31,0.1,0.01176386175913657,3.1
500,produto_500,classe_8,0.1536872788777903,36,0.1,0.01536872788777903,3.6
501,produto_501,classe_8,0.1375304878246909,13,0.1,0.013753048782469092,1.3
502,produto_502,classe_8,0.1377189277222178,11,0.1,0.01377189277222178,1.1
503,produto_503,classe_8,0.0293017710513417,35,0.1,0.00293017710513417,3.5
504,produto_504,classe_8,0.1129567164321127,3,0.1,0.011295671643211271,0.30000000000000004
505,produto_505,classe_8,0.1400244911853204,10,0.1,0.01400244911853204,1.0
506,produto_506,classe_8,0.1323292590624177,63,0.1,0.013232925906241769,6.300000000000001
507,produto_507,classe_8,0.0822895713287302,63,0.1,0.00822895713287302,6.300000000000001
508,produto_508,classe_8,0.0005697159365647,36,0.1,5.697159365647e-05,3.6
509,produto_509,classe_8,0.1234158974619592,12,0.1,0.012341589746195921,1.2000000000000002
510,produto_510,classe_8,0.1535248528313571,52,0.1,0.015352485283135712,5.2
511,produto_511,classe_8,0.1111929587368579,35,0.1,0.011119295873685792,3.5
512,produto_512,classe_8,0.1133319369972338,19,0.1,0.011333193699723382,1.9000000000000001
513,produto_513,classe_8,0.0761828853056072,7,0.1,0.00761828853056072,0.7000000000000001
514,produto_514,classe_8,0.1201921100150413,26,0.1,0.012019211001504132,2.6
515,produto_515,classe_8,0.1333293450305067,30,0.1,0.01333293450305067,3.0
516,produto_516,classe_8,0.1390010950382884,19,0.1,0.01390010950382884,1.9000000000000001
517,produto_517,classe_8,0.1208309246295045,8,0.1,0.01208309246295045,0.8
518,produto_518,classe_8,0.119859527969916,28,0.1,0.0119859527969916,2.8000000000000003
519,produto_519,classe_8,0.1046840659731328,20,0.1,0.010468406597313282,2.0
520,produto_520,classe_8,0.1302421306593925,11,0.1,0.01302421306593925,1.1
521,produto_521,classe_8,0.1519963868402187,36,0.1,0.015199638684021872,3.6
522,produto_522,classe_8,0.1288871883954731,24,0.1,0.012888718839547312,2.4000000000000004
523,produto_523,classe_8,0.1266178186385264,8,0.1,0.01266178186385264,0.8
524,produto_524,classe_8,0.1464730081936188,31,0.1,0.01464730081936188,3.1
525,produto_525,classe_8,0.1172466640386462,21,0.1,0.01172466640386462,2.1
526,produto_526,classe_8,0.1417847065668407,30,0.1,0.01417847065668407,3.0
527,produto_527,classe_8,0.1173161446329302,10,0.1,0.011731614463293022,1.0
528,produto_528,classe_8,0.1073462178583812,11,0.1,0.01073462178583812,1.1
529,produto_529,classe_8,0.1434208161790574,19,0.1,0.01434208161790574,1.9000000000000001
530,produto_530,classe_8,0.1224137590756554,23,0.1,0.01224137590756554,2.3000000000000003
531,produto_531,classe_8,0.111696975295865,23,0.1,0.0111696975295865,2.3000000000000003
532,produto_532,classe_8,0.1164147920304045,21,0.1,0.01164147920304045,2.1
533,produto_533,classe_8,0.1308592981875722,24,0.1,0.01308592981875722,2.4000000000000004
534,produto_534,classe_8,0.1392443232597985,28,0.1,0.01392443232597985,2.8000000000000003
535,produto_535,classe_8,0.1700917047234581,33,0.1,0.017009170472345812,3.3000000000000003
536,produto_536,classe_8,0.12785724958636,13,0.1,0.012785724958636,1.3
537,produto_537,classe_8,0.1271851836142598,41,0.1,0.01271851836142598,4.1000000000000005
538,produto_538,classe_8,0.1284486160629402,29,0.1,0.012844861606294021,2.9000000000000004
539,produto_539,classe_8,0.1191380491456159,10,0.1,0.011913804914561591,1.0
540,produto_540,classe_8,0.1243872542879609,23,0.1,0.01243872542879609,2.3000000000000003
541,produto_541,classe_8,0.1217424623024541,31,0.1,0.012174246230245411,3.1
542,produto_542,classe_8,0.1176064509602227,11,0.1,0.01176064509602227,1.1
543,produto_543,classe_8,0.1034626053566477,42,0.1,0.01034626053566477,4.2
544,produto_544,classe_8,0.1265316345044048,10,0.1,0.01265316345044048,1.0
545,produto_545,classe_8,0.12449385536775,23,0.1,0.012449385536775,2.3000000000000003
546,produto_546,classe_8,0.1206151391742013,14,0.1,0.01206151391742013,1.4000000000000001
547,produto_547,classe_8,0.1360962833995528,45,0.1,0.01360962833995528,4.5
548,produto_548,classe_8,0.1232589203883632,31,0.1,0.012325892038836321,3.1
549,produto_549,classe_8,0.1255918488844681,8,0.1,0.01255918488844681,0.8
550,produto_550,classe_8,0.1136205431117509,14,0.1,0.01136205431117509,1.4000000000000001
551,produto_551,classe_8,0.1903534654448441,32,0.1,0.01903534654448441,3.2
552,produto_552,classe_8,0.195751739862437,44,0.1,0.0195751739862437,4.4
553,produto_553,classe_8,0.1328882820533325,24,0.1,0.013288828205333251,2.4000000000000004
554,produto_554,classe_8,0.136735182409117,16,0.1,0.013673518240911701,1.6
555,produto_555,classe_8,0.1999860706171498,45,0.1,0.019998607061714982,4.5
556,produto_556,classe_8,0.1725893150634576,31,0.1,0.01725893150634576,3.1
557,produto_557,classe_8,0.0985988402703068,31,0.1,0.00985988402703068,3.1
558,produto_558,classe_8,0.1345023013401375,37,0.1,0.01345023013401375,3.7
559,produto_559,classe_8,0.1724167236182141,32,0.1,0.017241672361821413,3.2
560,produto_560,classe_8,0.1976137334094353,45,0.1,0.019761373340943533,4.5
561,produto_561,classe_8,0.1388344253478224,12,0.1,0.01388344253478224,1.2000000000000002
562,produto_562,classe_8,0.1957268945446003,44,0.1,0.01957268945446003,4.4
563,produto_563,classe_8,0.1297660770958252,23,0.1,0.012976607709582519,2.3000000000000003
564,produto_564,classe_8,0.1986953466783446,46,0.1,0.019869534667834463,4.6000000000000005
565,produto_565,classe_8,0.1865976555654011,44,0.1,0.01865976555654011,4.4
566,produto_566,classe_8,0.226735892555524,45,0.1,0.022673589255552403,4.5
567,produto_567,classe_8,0.2083362046430371,46,0.1,0.02083362046430371,4.6000000000000005
568,produto_568,classe_8,0.1047592626373915,58,0.1,0.010475926263739152,5.800000000000001
569,produto_569,classe_8,0.0952158125533402,32,0.1,0.00952158125533402,3.2
570,produto_570,classe_8,0.1487756607767892,56,0.1,0.01487756607767892,5.6000000000000005
571,produto_571,classe_8,0.2379056232421868,44,0.1,0.02379056232421868,4.4
572,produto_572,classe_8,0.1517807539937239,45,0.1,0.01517807539937239,4.5
573,produto_573,classe_8,0.1395109005809217,45,0.1,0.01395109005809217,4.5
574,produto_574,classe_8,0.1641398166218857,31,0.1,0.016413981662188572,3.1
575,produto_575,classe_8,0.1487417273632737,12,0.1,0.014874172736327372,1.2000000000000002
576,produto_576,classe_8,0.146167168707324,35,0.1,0.0146167168707324,3.5
577,produto_577,classe_8,0.1877689334936672,40,0.1,0.01877689334936672,4.0
578,produto_578,classe_8,0.1324314117181636,13,0.1,0.013243141171816361,1.3
579,produto_579,classe_8,0.0899585175656789,58,0.1,0.008995851756567889,5.800000000000001
580,produto_580,classe_8,0.1284156437225344,29,0.1,0.01284156437225344,2.9000000000000004
581,produto_581,classe_8,0.0957818028084368,21,0.1,0.00957818028084368,2.1
582,produto_582,classe_8,0.2158264988211797,45,0.1,0.02158264988211797,4.5
583,produto_583,classe_8,0.0673494013109233,44,0.1,0.006734940131092331,4.4
584,produto_584,classe_8,0.086468914127003,58,0.1,0.0086468914127003,5.800000000000001
585,produto_585,classe_8,0.1553885893285964,57,0.1,0.01553885893285964,5.7
586,produto_586,classe_8,0.1466752330052035,66,0.1,0.01466752330052035,6.6000000000000005
587,produto_587,classe_8,0.126113015305782,42,0.1,0.012611301530578201,4.2
588,produto_588,classe_8,0.2143918186167812,53,0.1,0.02143918186167812,5.300000000000001
589,produto_589,classe_8,0.2038596915221682,48,0.1,0.020385969152216823,4.800000000000001
590,produto_590,classe_8,0.2138001168849788,53,0.1,0.02138001168849788,5.300000000000001
591,produto_591,classe_8,0.2044400569326945,49,0.1,0.020444005693269453,4.9
592,produto_592,classe_8,0.1433839913429737,32,0.1,0.01433839913429737,3.2
593,produto_593,classe_8,0.12379301145684,21,0.1,0.012379301145684002,2.1
594,produto_594,classe_8,0.3030926031771219,150,0.1,0.03030926031771219,15.0
595,produto_595,classe_8,0.2070705981809903,50,0.1,0.020707059818099033,5.0
596,produto_596,classe_8,0.208459467123991,50,0.1,0.020845946712399102,5.0
597,produto_597,classe_8,0.2613775838576923,78,0.1,0.02613775838576923,7.800000000000001
598,produto_598,classe_8,0.2138600633063911,54,0.1,0.021386006330639112,5.4
599,produto_599,classe_8,0.2184751365067876,56,0.1,0.02184751365067876,5.6000000000000005
600,produto_600,classe_8,0.2612849115118819,78,0.1,0.02612849115118819,7.800000000000001
601,produto_601,classe_8,0.3029605514890362,150,0.1,0.030296055148903624,15.0
602,produto_602,classe_8,0.2043056275928059,48,0.1,0.020430562759280593,4.800000000000001
603,produto_603,classe_8,0.127556106915791,42,0.1,0.0127556106915791,4.2
604,produto_604,classe_8,0.1629686683509929,28,0.1,0.016296866835099292,2.8000000000000003
605,produto_605,classe_8,0.1382779985883558,26,0.1,0.01382779985883558,2.6
606,produto_606,classe_8,0.1972169269566739,45,0.1,0.01972169269566739,4.5
607,produto_607,classe_8,0.1989293011557174,45,0.1,0.01989293011557174,4.5
608,produto_608,classe_8,0.1517800593072783,17,0.1,0.015178005930727831,1.7000000000000002
609,produto_609,classe_8,0.1244256298064402,33,0.1,0.012442562980644022,3.3000000000000003
610,produto_610,classe_8,0.2283787642900103,62,0.1,0.022837876429001033,6.2
611,produto_611,classe_8,0.1933684237585606,43,0.1,0.01933684237585606,4.3
612,produto_612,classe_8,0.1973364713137519,45,0.1,0.019733647131375192,4.5
613,produto_613,classe_8,0.1178852613658579,2,0.1,0.011788526136585792,0.2
614,produto_614,classe_8,0.0424160240988267,46,0.1,0.00424160240988267,4.6000000000000005
615,produto_615,classe_9,0.1996782060622599,46,0.1,0.01996782060622599,4.6000000000000005
616,produto_616,classe_9,0.23427146257056,65,0.1,0.023427146257056,6.5
617,produto_617,classe_9,0.1460158007097599,18,0.1,0.01460158007097599,1.8
618,produto_618,classe_9,0.1991648431655893,46,0.1,0.01991648431655893,4.6000000000000005
619,produto_619,classe_9,0.1305378582612633,8,0.1,0.01305378582612633,0.8
620,produto_620,classe_9,0.1087924798441708,39,0.1,0.01087924798441708,3.9000000000000004
621,produto_621,classe_9,0.2047873187399133,49,0.1,0.02047873187399133,4.9
622,produto_622,classe_9,0.1373211319892071,12,0.1,0.01373211319892071,1.2000000000000002
623,produto_623,classe_9,0.2054967304383157,49,0.1,0.02054967304383157,4.9
624,produto_624,classe_9,0.0894612850766311,10,0.1,0.00894612850766311,1.0
625,produto_625,classe_9,0.3036488187347946,159,0.1,0.030364881873479462,15.9
626,produto_626,classe_9,0.3032372748064884,131,0.1,0.03032372748064884,13.100000000000001
627,produto_627,classe_9,0.1047448566203531,9,0.1,0.01047448566203531,0.9
628,produto_628,classe_9,0.1955850104789842,44,0.1,0.01955850104789842,4.4
629,produto_629,classe_9,0.1471347950289818,18,0.1,0.014713479502898181,1.8
630,produto_630,classe_9,0.2045810360475548,48,0.1,0.02045810360475548,4.800000000000001
631,produto_631,classe_9,0.2201044636725316,57,0.1,0.02201044636725316,5.7
632,produto_632,classe_9,0.3032976960403206,144,0.1,0.03032976960403206,14.4
633,produto_633,classe_9,0.1298819657950664,13,0.1,0.01298819657950664,1.3
634,produto_634,classe_9,0.1221386696615423,31,0.1,0.01221386696615423,3.1
635,produto_635,classe_9,0.0521961336813297,20,0.1,0.00521961336813297,2.0
636,produto_636,classe_9,0.0765063347389088,29,0.1,0.007650633473890881,2.9000000000000004
637,produto_637,classe_9,0.1895993221660102,32,0.1,0.01895993221660102,3.2
638,produto_638,classe_9,0.2030577129300328,32,0.1,0.02030577129300328,3.2
639,produto_639,classe_9,0.1390844509274499,33,0.1,0.01390844509274499,3.3000000000000003
640,produto_640,classe_9,0.1196617833683217,11,0.1,0.01196617833683217,1.1
641,produto_641,classe_9,0.1125264686490926,31,0.1,0.01125264686490926,3.1
642,produto_642,classe_9,0.1502665044352108,28,0.1,0.015026650443521082,2.8000000000000003
643,produto_643,classe_9,0.1728856982918478,57,0.1,0.01728856982918478,5.7
644,produto_644,classe_9,0.1270355407369188,25,0.1,0.012703554073691881,2.5
645,produto_645,classe_9,0.1392824537517297,32,0.1,0.013928245375172971,3.2
646,produto_646,classe_9,-0.0637617991156454,70,0.1,-0.006376179911564541,7.0
647,produto_647,classe_9,0.1810137615427842,27,0.1,0.018101376154278422,2.7
648,produto_648,classe_9,0.2240757555583307,29,0.1,0.022407575555833073,2.9000000000000004
649,produto_649,classe_9,0.117565910440482,36,0.1,0.0117565910440482,3.6
650,produto_650,classe_9,0.0018435608123981,28,0.1,0.00018435608123981,2.8000000000000003
651,produto_651,classe_9,0.1906965149823999,29,0.1,0.01906965149823999,2.9000000000000004
652,produto_652,classe_9,-0.0946919657897915,36,0.1,-0.00946919657897915,3.6
653,produto_653,classe_9,0.1591002853545809,31,0.1,0.01591002853545809,3.1
654,produto_654,classe_9,0.0749782362565273,35,0.1,0.007497823625652731,3.5
655,produto_655,classe_9,0.0462464180414894,35,0.1,0.00462464180414894,3.5
656,produto_656,classe_9,0.1120472194124476,36,0.1,0.01120472194124476,3.6
657,produto_657,classe_9,0.1382696011509642,32,0.1,0.013826960115096421,3.2
658,produto_658,classe_9,-0.1724072061842604,36,0.1,-0.01724072061842604,3.6
659,produto_659,classe_9,0.1196589539366904,31,0.1,0.01196589539366904,3.1
660,produto_660,classe_9,0.077508595835191,29,0.1,0.0077508595835191,2.9000000000000004
661,produto_661,classe_9,0.1227010077589342,34,0.1,0.01227010077589342,3.4000000000000004
662,produto_662,classe_9,0.1672692963419196,31,0.1,0.01672692963419196,3.1
663,produto_663,classe_9,0.1221586245604687,32,0.1,0.012215862456046871,3.2
664,produto_664,classe_9,0.1196268586917402,10,0.1,0.01196268586917402,1.0
665,produto_665,classe_9,0.1978969263024692,45,0.1,0.01978969263024692,4.5
666,produto_666,classe_9,0.2056535448487046,48,0.1,0.02056535448487046,4.800000000000001
667,produto_667,classe_9,0.2042118819652782,48,0.1,0.02042118819652782,4.800000000000001

